 &machinein
 nfcoil = 14
 nfsum = 12
 nsilop = 35
 magpri = 76
 necoil = 1
 nesum = 1
 nvesel = 40
 nvsum = 40
 nrogow = 1
 nacoil = 1
 /
 &IN5
 IGRID = 1
 RLEFT = 1.2
 RRIGHT = 2.8
 ZBOTTO = -1.4
 ZTOP = 1.4
 IFCOIL = 1
 ISLPFC = 1
 NSMP2 = 5
 IECOIL = 0
 IVESEL = 1
 mgaus1 = 8
 mgaus2 = 10
 /
 &IN3
 vsid = 1 2 3 4 5 6 7 8 9 10 11 12 13 14 15 16 17 18 19 20 21 22 23 24 25 26 
 27 28 29 30 31 32 33 34 35 36 37 38 39 40
 FCID = 1 2 3 2*4 5 6 7 8 9 2*10 11 12
 FCTURN = 3*1.0 0.17741935 0.822580645 5*1.0 0.17741935 0.822580645 2*1.0
 TURNFC = 3*140.0 248.0 60.0 32.0 3*140.0 248.0 60.0 32.0
 XMP2 = 1.2905 1.2918 1.2904 1.2897 1.2941 1.5724 1.719 1.8248 2.3116 2.4271 
 2.5175 2.5895 2.6375 2.6584 1.2911 1.2922 2*1.2905 1.3323 1.6192 1.9185 
 2.3155 2.4307 2.5203 2.5915 2.6386 1.8546 1.9315 2*1.3455 1.5024 2.1088 
 1.4748 1.6249 1.8946 1.995 1.984 2.108 1.2905 1.2918 1.2904 1.2897 1.2941 
 1.5724 1.719 1.8248 2.3116 2.4271 2.5175 2.5895 2.6375 2.6584 1.2911 1.2922 
 2*1.2905 1.3323 1.6192 1.9185 2.3155 2.4307 2.5203 2.5915 2.6386 1.8546 
 2*1.9315 1.3597 1.5024 2.1088 1.4748 1.6249 1.8946 1.995 1.984 2.108
 YMP2 = 0.0 0.2488 0.4554 0.7685 0.8621 1.1637 1.1928 1.1291 0.8402 0.7038 
 0.559 0.3949 0.2164 0.0049 -0.2473 -0.4528 -0.635 -0.7992 -1.0544 -1.1948 
 -1.1263 -0.8321 -0.6947 -0.5495 -0.385 -0.2063 1.0335 0.9556 2*0.9102 1.1317 
 0.7773 -1.0384 -1.1013 -1.0425 -0.9991 -0.8944 -0.7753 0.0 0.2488 0.4554 
 0.7685 0.8621 1.1637 1.1928 1.1291 0.8402 0.7038 0.559 0.3949 0.2164 0.0049 
 -0.2473 -0.4528 -0.635 -0.7992 -1.0544 -1.1948 -1.1263 -0.8321 -0.6947 
 -0.5495 -0.385 -0.2063 1.0335 2*0.9556 1.0747 1.1317 0.7773 -1.0384 -1.1013 
 -1.0425 -0.9991 -0.8944 -0.7753
 RSI = 1.27 1.2703 1.2707 2*1.2692 1.2711 2*1.2657 1.271 1.2743 1.3244 1.422 
 2.1303 2.2304 2.3496 2.4334 2.543 1.2702 1.2701 2*1.2696 1.2702 1.2686 
 1.2684 1.2706 1.3006 1.37 1.5111 2.0836 2.2297 2.3389 2.4199 2.5419 2.2595 
 2.2587
 ZSI = 0.0 0.0199 0.1977 0.3354 0.3703 0.4998 0.6239 0.7059 0.8982 0.988 
 1.1177 1.1443 0.955 0.9002 0.864 0.7652 0.581 -0.0194 -0.1986 -0.3358 
 -0.3708 -0.5008 -0.7063 -0.7809 -0.9891 -1.0795 -1.1438 -1.1674 -1.0273 
 -0.9234 -0.8775 -0.7663 -0.5807 -0.7634 0.7653
 AMP2 = 90.0 89.6937 90.1847 88.0389 88.0717 24.7518 -8.171 -84.2738 -45.508 
 -53.98 -62.068 -70.564 -79.324 -89.8059 90.0024 91.6126 2*90.0 129.37 180.0 
 -158.05 -134.2253 -125.7293 -117.6413 -109.1453 -100.3853 -62.8401 -22.7058 
 2*104.9746 20.1427 -44.37 -168.8 126.0 -103.1 -108.08 2*-135.63 180.0 
 179.6937 180.1847 178.0389 178.0717 114.7518 81.829 5.7262 44.492 36.02 
 27.932 19.436 10.676 0.1941 180.0024 181.6126 2*180.0 219.37 270.0 -68.05 
 -44.2253 -35.7293 -27.6413 -19.1453 -10.3853 27.1599 2*67.2942 113.2863 
 110.1427 45.63 -78.8 216.0 -13.1 -18.08 2*-45.63
 SMP2 = 3*0.0497 5*0.0491 18*0.0497 2*0.0491 2*0.0698 0.0255 7*0.0497 
 3*0.0243 5*0.024 18*0.0243 3*0.024 2*0.032 7*0.0243
 RF = 3*0.6287 1.0722 1.1368 2.9456 3.2698 3*0.6287 1.0722 1.1368 2.9456 
 3.2698
 ZF = 0.2513 0.754 1.2566 1.7537 1.9409 1.5907 0.9042 -0.2513 -0.754 -1.2566 
 -1.7537 -1.9409 -1.5907 -0.9042
 WF = 3*0.1508 0.2369 0.3662 0.1184 0.079 3*0.1508 0.2369 0.3662 0.1184 0.079
 HF = 3*0.4426 0.0885 0.2656 0.2034 0.1627 3*0.4426 0.0885 0.2656 0.2034 
 0.1627
 AF = 14*0.0
 AF2 = 14*0.0
 RVS = 2.7286 2.7069 2.664 2.6007 2.5178 2.417 2.2997 2.1681 2.0244 1.8708 
 1.709 1.5435 1.3902 1.2814 1.2402 10*1.237 1.2402 1.2814 1.3902 1.5435 1.709 
 1.8708 2.0244 2.1681 2.2997 2.417 2.5178 2.6007 2.664 2.7069 2.7286
 ZVS = 0.0833 0.2485 0.4094 0.5635 0.708 0.8406 0.9589 1.061 1.1452 1.2095 
 1.2454 1.2439 1.1907 1.075 0.9186 0.7517 0.5847 0.4176 0.2506 0.0835 -0.0835 
 -0.2506 -0.4176 -0.5847 -0.7517 -0.9186 -1.075 -1.1907 -1.2439 -1.2454 
 -1.2095 -1.1452 -1.061 -0.9589 -0.8406 -0.708 -0.5635 -0.4094 -0.2485 -0.0833
 WVS = 0.008 0.0082 0.0084 0.0089 0.0096 0.0106 0.125 0.1383 0.1492 0.158 
 0.1657 0.1653 0.1414 0.009 12*0.008 0.009 0.1414 0.1653 0.1657 0.158 0.1492 
 0.1383 0.125 0.0106 0.0096 0.0089 0.0084 0.0082 0.008
 HVS = 0.1666 0.1638 0.1582 0.1499 0.1391 0.126 0.0107 0.0097 0.0089 0.0084 
 0.008 0.0081 0.0093 0.1463 0.1666 10*0.1671 0.1666 0.1463 0.0093 0.0081 
 0.008 0.0084 0.0089 0.0097 0.0107 0.126 0.1391 0.1499 0.1582 0.1638 0.1666
 AVS = 6*0.0 38.4682 45.9158 53.3635 61.2467 73.7235 172.6638 148.9728 14*0.0 
 -31.0272 -7.3362 6.2765 18.7533 26.6365 34.0842 41.5318 6*0.0
 AVS2 = 93.743 101.191 108.6386 116.0864 123.5341 130.9933 7*0.0 -117.49 
 -92.1899 10*0.0 -87.8101 -62.51 7*0.0 49.0067 56.4659 63.9136 71.3614 78.809 
 86.257
 /
