    50800
1. 1. 1. 1. 1. 1. 1. 1. 1. 1.
1. 1. 1. 1. 1. 1. 1. 1. 1. 0.
1. 1. 1. 0. 1. 1. 1. 1. 1. 1.
1. 1. 1. 0. 1. 1. 0. 0. 1. 1.
1.
1. 1. 1. 1. 1. 1. 1. 1. 0. 1.
1. 1. 1. 1. 1. 0. 1. 0. 1. 1.
1. 1. 1. 0. 1. 1. 1. 1. 1.
    50885
1. 1. 1. 1. 1. 1. 1. 1. 1. 1.
1. 1. 1. 1. 1. 1. 1. 1. 1. 0.
1. 1. 1. 0. 1. 1. 1. 1. 1. 1.
1. 1. 1. 0. 1. 1. 0. 0. 1. 1.
1.
1. 0. 1. 1. 1. 1. 1. 1. 0. 1.
1. 1. 1. 1. 1. 0. 1. 0. 1. 1.
1. 1. 1. 0. 1. 1. 1. 1. 1.
    50906
1. 1. 1. 1. 1. 1. 1. 1. 1. 1.
1. 1. 1. 1. 1. 1. 1. 1. 1. 0.
1. 1. 1. 0. 1. 1. 1. 1. 1. 1.
1. 1. 1. 1. 1. 1. 0. 1. 1. 1.
1.
1. 0. 1. 1. 1. 1. 1. 1. 1. 1.
1. 1. 1. 1. 1. 1. 1. 1. 1. 1.
1. 1. 1. 0. 1. 1. 1. 1. 1.
    50991
1. 1. 1. 1. 1. 1. 1. 1. 1. 1.
1. 1. 1. 1. 1. 1. 1. 1. 1. 0.
0. 0. 0. 0. 1. 1. 1. 1. 1. 0.
0. 0. 0. 1. 1. 1. 0. 1. 1. 1.
1.
1. 0. 1. 1. 1. 1. 1. 1. 1. 1.
1. 1. 1. 1. 1. 1. 1. 1. 1. 1.
1. 1. 1. 0. 1. 1. 1. 1. 1.
    51008
1. 1. 1. 1. 1. 1. 1. 1. 1. 1.
1. 1. 1. 1. 1. 1. 1. 1. 1. 0.
1. 1. 1. 0. 1. 1. 1. 1. 1. 1.
1. 1. 1. 1. 1. 1. 0. 1. 1. 1.
1.
1. 0. 1. 1. 1. 1. 1. 1. 1. 1.
1. 1. 1. 1. 1. 1. 1. 1. 1. 1.
1. 1. 1. 0. 1. 1. 1. 1. 1.
    51345
1. 1. 1. 1. 1. 1. 1. 1. 1. 1.
1. 1. 1. 1. 1. 1. 1. 1. 1. 0.
1. 1. 1. 0. 1. 1. 1. 1. 1. 1.
1. 1. 1. 1. 1. 1. 0. 1. 1. 1.
1.
1. 0. 1. 1. 1. 1. 1. 1. 1. 1.
0. 1. 1. 1. 1. 1. 1. 1. 1. 1.
1. 1. 1. 0. 1. 1. 1. 1. 1.
    51762
1. 1. 1. 1. 1. 1. 1. 1. 1. 1.
1. 1. 1. 1. 1. 1. 1. 1. 1. 0.
1. 1. 1. 0. 1. 1. 1. 1. 1. 1.
1. 1. 1. 1. 1. 1. 0. 1. 1. 1.
1.
1. 0. 1. 1. 1. 1. 1. 1. 0. 1.
0. 1. 1. 1. 1. 1. 1. 1. 1. 1.
1. 1. 1. 0. 1. 1. 1. 1. 1.
    51812
1. 1. 1. 1. 1. 1. 1. 1. 1. 1.
1. 1. 1. 1. 1. 1. 1. 1. 1. 0.
1. 1. 1. 0. 1. 1. 1. 1. 1. 1.
1. 1. 1. 1. 1. 1. 0. 1. 1. 1.
1.
1. 0. 1. 1. 1. 1. 1. 1. 1. 1.
0. 1. 1. 1. 1. 1. 1. 1. 1. 1.
1. 1. 1. 0. 1. 1. 1. 1. 1.
    51976
1. 1. 1. 1. 1. 1. 1. 1. 1. 1.
1. 1. 1. 1. 1. 1. 1. 1. 1. 0.
1. 1. 1. 0. 1. 1. 1. 1. 1. 1.
1. 1. 1. 1. 1. 1. 0. 1. 1. 1.
1.
1. 0. 1. 1. 1. 1. 1. 1. 1. 1.
0. 1. 1. 1. 1. 1. 1. 1. 1. 1.
1. 1. 1. 1. 1. 1. 1. 1. 1.
    51997
1. 1. 1. 1. 1. 1. 1. 1. 1. 1.
1. 1. 1. 1. 1. 1. 1. 1. 1. 0.
1. 1. 1. 0. 1. 1. 1. 1. 1. 1.
1. 1. 1. 1. 1. 1. 0. 1. 1. 1.
1.
1. 0. 1. 0. 1. 1. 1. 1. 1. 1.
0. 1. 1. 1. 1. 1. 1. 1. 1. 1.
1. 1. 1. 1. 1. 1. 1. 1. 1.
    52044
1. 1. 1. 1. 1. 1. 1. 1. 1. 1.
1. 1. 1. 1. 1. 1. 1. 1. 1. 1.
1. 1. 1. 1. 1. 1. 1. 1. 1. 1.
1. 1. 1. 1. 1. 1. 1. 1. 1. 1.
1.
1. 0. 1. 0. 1. 1. 1. 1. 1. 1.
0. 1. 1. 1. 1. 1. 1. 1. 1. 1.
1. 1. 1. 1. 1. 1. 1. 1. 1.
    52129
1. 1. 1. 1. 1. 1. 1. 1. 1. 1.
1. 1. 1. 1. 1. 1. 1. 1. 1. 1.
1. 1. 1. 1. 1. 1. 1. 1. 1. 1.
1. 1. 1. 1. 1. 1. 1. 1. 1. 1.
1.
1. 0. 1. 0. 1. 1. 1. 1. 1. 1.
0. 1. 1. 1. 0. 1. 1. 1. 1. 1.
0. 1. 1. 1. 1. 1. 1. 1. 1.
    52141
1. 1. 1. 1. 1. 1. 1. 1. 1. 1.
1. 1. 1. 1. 1. 1. 1. 1. 1. 1.
1. 1. 1. 1. 1. 1. 1. 1. 1. 1.
1. 1. 1. 1. 1. 1. 1. 1. 1. 1.
1.
1. 0. 1. 0. 1. 1. 1. 1. 1. 1.
0. 1. 1. 1. 1. 1. 1. 1. 1. 1.
1. 1. 1. 1. 1. 1. 1. 1. 1.
    52350
1. 1. 1. 1. 1. 1. 1. 1. 1. 1.
1. 1. 1. 1. 1. 1. 0. 1. 1. 1.
1. 1. 1. 1. 1. 1. 1. 1. 1. 1.
1. 1. 1. 1. 1. 1. 1. 1. 1. 1.
1.
1. 0. 0. 0. 0. 0. 0. 0. 1. 1.
0. 1. 0. 1. 1. 1. 0. 1. 1. 0.
1. 1. 1. 0. 1. 1. 1. 1. 1.
    52370
1. 1. 1. 1. 1. 1. 1. 1. 1. 1.
1. 1. 1. 1. 1. 1. 0. 1. 1. 1.
1. 1. 1. 1. 1. 1. 1. 1. 1. 1.
1. 1. 1. 1. 1. 1. 1. 1. 1. 1.
1.
1. 0. 1. 0. 1. 1. 1. 1. 1. 1.
0. 1. 1. 1. 1. 1. 0. 1. 1. 0.
1. 1. 1. 0. 1. 1. 1. 1. 1.
    52394
1. 1. 1. 1. 1. 1. 1. 1. 1. 1.
1. 1. 1. 1. 1. 1. 0. 1. 1. 1.
1. 1. 1. 1. 1. 1. 1. 1. 1. 1.
1. 1. 1. 1. 1. 1. 1. 1. 1. 1.
1.
1. 0. 1. 0. 1. 0. 1. 1. 1. 1.
0. 1. 1. 1. 1. 1. 0. 1. 1. 0.
1. 1. 1. 0. 1. 1. 1. 1. 1.
    52412
1. 1. 1. 1. 1. 1. 1. 1. 1. 1.
1. 1. 1. 1. 1. 1. 1. 1. 1. 1.
1. 1. 1. 1. 1. 1. 1. 1. 1. 1.
1. 1. 1. 1. 1. 1. 1. 1. 1. 1.
1.
1. 0. 1. 0. 1. 0. 1. 1. 1. 1.
0. 1. 1. 1. 1. 1. 1. 1. 1. 1.
1. 1. 1. 0. 1. 1. 1. 1. 1.
    52435
1. 1. 1. 1. 1. 1. 1. 1. 1. 1.
1. 1. 1. 1. 1. 1. 1. 1. 1. 1.
1. 1. 1. 1. 1. 1. 1. 1. 1. 1.
1. 1. 1. 1. 1. 1. 1. 1. 1. 1.
1.
1. 0. 1. 0. 0. 0. 1. 1. 1. 1.
0. 1. 1. 1. 1. 1. 1. 1. 1. 1.
1. 1. 1. 0. 1. 1. 1. 1. 1.
    52465
1. 1. 1. 1. 1. 1. 1. 1. 1. 1.
1. 1. 1. 1. 1. 1. 1. 1. 1. 1.
1. 1. 1. 1. 1. 1. 1. 1. 1. 1.
1. 1. 1. 1. 1. 1. 1. 1. 1. 1.
1.
1. 0. 1. 0. 1. 0. 1. 1. 1. 1.
0. 1. 1. 1. 1. 1. 1. 1. 1. 1.
1. 1. 1. 0. 1. 1. 1. 1. 1.
    52497
1. 1. 1. 1. 1. 1. 1. 1. 1. 1.
1. 1. 1. 1. 1. 1. 1. 1. 1. 1.
1. 1. 1. 1. 1. 1. 1. 1. 1. 1.
1. 1. 1. 1. 1. 1. 1. 1. 1. 1.
1.
1. 0. 1. 0. 1. 1. 1. 1. 1. 1.
0. 1. 1. 1. 1. 1. 1. 1. 1. 1.
1. 1. 1. 1. 1. 1. 1. 1. 1.
    52510
1. 1. 1. 1. 1. 1. 1. 1. 1. 1.
1. 1. 1. 1. 1. 1. 1. 1. 1. 1.
1. 1. 1. 1. 1. 1. 1. 1. 1. 1.
1. 1. 1. 1. 1. 1. 1. 1. 1. 1.
1.
1. 0. 1. 0. 0. 1. 1. 1. 1. 1.
0. 1. 1. 1. 1. 1. 1. 1. 1. 1.
1. 1. 1. 1. 1. 1. 1. 1. 1.
    52697
1. 1. 1. 1. 1. 1. 1. 1. 1. 1.
1. 1. 1. 1. 1. 1. 1. 1. 1. 1.
1. 1. 1. 1. 1. 1. 1. 1. 1. 1.
1. 1. 1. 1. 1. 1. 1. 1. 1. 1.
1.
1. 0. 0. 0. 0. 1. 1. 1. 1. 1.
0. 1. 1. 1. 1. 1. 1. 1. 1. 1.
1. 1. 1. 1. 1. 1. 1. 1. 1.
    52840
1. 1. 1. 1. 1. 1. 0. 1. 1. 1.
1. 1. 1. 1. 1. 1. 1. 1. 1. 1.
1. 1. 1. 1. 0. 1. 1. 1. 1. 1.
1. 1. 0. 1. 1. 1. 1. 1. 1. 1.
1.
1. 0. 0. 0. 0. 1. 1. 1. 1. 1.
0. 1. 1. 1. 1. 1. 1. 1. 1. 1.
1. 1. 1. 1. 1. 1. 1. 1. 1.
    52886
1. 1. 1. 1. 1. 1. 1. 1. 1. 1.
1. 1. 1. 1. 1. 1. 1. 1. 1. 1.
1. 1. 1. 1. 1. 1. 1. 1. 1. 1.
1. 1. 1. 1. 1. 1. 1. 1. 1. 1.
1.
1. 0. 0. 0. 0. 1. 1. 1. 1. 1.
0. 1. 1. 1. 1. 1. 1. 1. 1. 1.
1. 1. 1. 1. 1. 1. 1. 1. 1.
    53005
1. 1. 1. 1. 1. 1. 1. 1. 1. 1.
1. 1. 1. 1. 1. 1. 1. 1. 1. 1.
1. 1. 1. 1. 1. 1. 1. 1. 1. 1.
1. 1. 1. 1. 1. 1. 1. 1. 1. 1.
1.
1. 0. 1. 0. 0. 1. 1. 1. 1. 1.
0. 1. 1. 1. 1. 1. 1. 1. 1. 1.
1. 1. 1. 1. 1. 1. 1. 1. 1.
    53166
1. 1. 1. 1. 1. 1. 1. 1. 1. 1.
1. 1. 1. 1. 1. 1. 1. 1. 1. 1.
1. 1. 1. 1. 1. 1. 1. 1. 1. 1.
1. 1. 1. 1. 1. 1. 1. 1. 1. 1.
1.
1. 0. 1. 0. 0. 1. 0. 1. 1. 1.
0. 1. 1. 1. 1. 1. 1. 0. 1. 1.
1. 1. 1. 1. 1. 1. 1. 1. 1.
    53500
1. 1. 1. 1. 1. 1. 1. 1. 1. 1.
1. 1. 1. 1. 1. 1. 1. 1. 1. 1.
1. 1. 1. 1. 1. 1. 1. 1. 1. 1.
1. 1. 1. 1. 1. 1. 1. 1. 1. 1.
1.
1. 1. 1. 1. 1. 1. 0. 1. 1. 1.
0. 1. 1. 1. 1. 1. 1. 1. 1. 1.
1. 1. 1. 1. 1. 1. 1. 1. 1.
    53901
1. 1. 1. 1. 1. 1. 1. 1. 1. 1.
1. 1. 1. 1. 1. 1. 1. 1. 1. 1.
1. 1. 1. 1. 1. 1. 1. 1. 1. 1.
1. 1. 1. 1. 1. 1. 1. 1. 1. 1.
1.
1. 1. 1. 1. 1. 0. 0. 1. 1. 1.
0. 1. 1. 1. 1. 1. 1. 1. 1. 1.
1. 1. 1. 1. 1. 1. 1. 1. 1.
    54580
1. 1. 1. 1. 1. 1. 1. 1. 1. 1.
1. 1. 1. 1. 1. 1. 1. 1. 1. 1.
1. 1. 1. 1. 1. 1. 1. 1. 1. 1.
1. 1. 1. 1. 1. 1. 1. 1. 1. 1.
1.
1. 1. 1. 1. 1. 0. 0. 1. 1. 1.
0. 1. 1. 1. 1. 1. 1. 1. 1. 0.
1. 1. 1. 1. 1. 1. 1. 1. 1.
    55367
1. 1. 1. 1. 1. 1. 1. 1. 1. 1.
1. 1. 1. 1. 1. 1. 1. 1. 1. 1.
1. 1. 1. 1. 0. 1. 1. 1. 1. 1.
1. 1. 0. 1. 1. 1. 1. 1. 1. 1.
1.
1. 1. 1. 1. 1. 0. 0. 1. 1. 1.
0. 1. 1. 1. 1. 1. 1. 1. 1. 0.
1. 1. 1. 1. 1. 1. 1. 1. 1.
    55861
1. 1. 1. 1. 1. 1. 1. 1. 1. 1.
1. 1. 1. 1. 1. 1. 1. 1. 1. 1.
0. 1. 1. 1. 1. 1. 1. 1. 1. 1.
1. 1. 1. 1. 0. 1. 1. 1. 1. 1.
1.
1. 1. 1. 1. 1. 0. 0. 1. 1. 1.
0. 1. 1. 1. 1. 1. 1. 1. 1. 0.
1. 1. 1. 1. 1. 1. 1. 1. 1.
    55898
1. 1. 1. 1. 1. 1. 1. 1. 1. 1.
1. 1. 1. 1. 1. 1. 1. 1. 1. 1.
0. 1. 1. 1. 1. 1. 1. 1. 1. 1.
1. 1. 1. 1. 1. 1. 1. 1. 1. 1.
1.
1. 1. 1. 1. 1. 0. 0. 1. 1. 1.
0. 1. 1. 1. 1. 1. 1. 1. 1. 0.
1. 1. 1. 1. 1. 1. 1. 1. 1.
    55987
1. 1. 1. 1. 1. 1. 1. 1. 1. 1.
1. 1. 1. 1. 1. 1. 1. 1. 1. 1.
1. 1. 1. 1. 1. 1. 1. 1. 1. 1.
1. 1. 1. 1. 1. 1. 1. 1. 1. 1.
1.
1. 1. 1. 1. 1. 0. 0. 1. 1. 1.
0. 1. 1. 1. 1. 1. 1. 1. 1. 0.
1. 1. 1. 1. 1. 1. 1. 1. 1.
    56164
1. 1. 1. 1. 1. 1. 1. 1. 1. 1.
1. 1. 1. 1. 1. 1. 1. 1. 1. 1.
1. 1. 1. 1. 1. 1. 1. 1. 1. 1.
1. 1. 1. 1. 1. 1. 1. 1. 1. 1.
1.
1. 1. 1. 1. 1. 0. 0. 1. 1. 1.
0. 1. 1. 1. 1. 1. 1. 1. 1. 0.
0. 1. 1. 1. 1. 1. 1. 1. 1.
    56174
1. 1. 1. 1. 1. 1. 1. 1. 1. 1.
1. 1. 1. 1. 1. 1. 1. 1. 1. 1.
1. 1. 1. 1. 1. 1. 1. 1. 1. 1.
1. 1. 1. 1. 1. 1. 1. 1. 1. 1.
1.
1. 1. 1. 1. 1. 0. 0. 1. 1. 1.
0. 1. 1. 1. 1. 1. 1. 1. 1. 0.
1. 1. 1. 1. 1. 1. 1. 1. 1.
    59350
1. 1. 1. 1. 1. 1. 1. 1. 1. 1.
1. 1. 1. 1. 1. 1. 1. 1. 1. 1.
1. 1. 1. 1. 1. 1. 1. 1. 1. 1.
1. 1. 1. 1. 1. 1. 1. 1. 1. 1.
1.
1. 1. 1. 1. 1. 0. 0. 1. 1. 1.
0. 1. 1. 1. 1. 1. 1. 1. 1. 0.
1. 1. 1. 1. 1. 1. 1. 1. 1.
1. 1. 1. 1. 1. 1. 1. 1. 1. 1.
1. 1. 1. 1. 1. 1. 1. 1. 1. 1.
1. 1. 1. 1. 1. 1. 1. 1. 1. 1.
1.
    59566
1. 1. 1. 1. 1. 1. 1. 1. 1. 1.
1. 1. 1. 1. 1. 1. 1. 1. 1. 1.
1. 1. 1. 1. 1. 1. 1. 1. 1. 1.
1. 1. 1. 1. 1. 1. 1. 1. 1. 1.
1.
0. 0. 0. 0. 0. 0. 0. 0. 0. 0.
0. 0. 0. 0. 0. 0. 0. 0. 0. 0.
0. 0. 0. 0. 0. 0. 0. 0. 0.
1. 1. 1. 1. 1. 1. 1. 1. 1. 1.
1. 1. 1. 1. 1. 1. 1. 1. 1. 1.
1. 1. 1. 1. 1. 1. 1. 1. 1. 1.
1.
    59571
1. 1. 1. 1. 1. 1. 1. 1. 1. 1.
1. 1. 1. 1. 1. 1. 1. 1. 1. 1.
1. 1. 1. 1. 1. 1. 1. 1. 1. 1.
1. 1. 1. 1. 1. 1. 1. 1. 1. 1.
1.
1. 1. 1. 1. 1. 0. 0. 1. 1. 1.
0. 1. 1. 1. 1. 1. 1. 1. 1. 0.
1. 1. 1. 1. 1. 1. 1. 1. 1.
1. 1. 1. 1. 1. 1. 1. 1. 1. 1.
1. 1. 1. 1. 1. 1. 1. 1. 1. 1.
1. 1. 1. 1. 1. 1. 1. 1. 1. 1.
1.
    59604
1. 1. 1. 1. 1. 1. 1. 1. 1. 1.
1. 1. 1. 1. 1. 1. 1. 1. 1. 1.
1. 1. 1. 1. 1. 1. 1. 1. 1. 1.
1. 1. 1. 1. 1. 1. 1. 1. 1. 1.
1.
0. 0. 0. 0. 0. 0. 0. 0. 0. 0.
0. 0. 0. 0. 0. 0. 0. 0. 0. 0.
0. 0. 0. 0. 0. 0. 0. 0. 0.
1. 1. 1. 1. 1. 1. 1. 1. 1. 1.
1. 1. 1. 1. 1. 1. 1. 1. 1. 1.
1. 1. 1. 1. 1. 1. 1. 1. 1. 1.
1.
    59612
1. 1. 1. 1. 1. 1. 1. 1. 1. 1.
1. 1. 1. 1. 1. 1. 1. 1. 1. 1.
1. 1. 1. 1. 1. 1. 1. 1. 1. 1.
1. 1. 1. 1. 1. 1. 1. 1. 1. 1.
1.
1. 1. 1. 1. 1. 0. 0. 1. 1. 1.
0. 1. 1. 1. 1. 1. 1. 1. 1. 0.
1. 1. 1. 1. 1. 1. 1. 1. 1.
1. 1. 1. 1. 1. 1. 1. 1. 1. 1.
1. 1. 1. 1. 1. 1. 1. 1. 1. 1.
1. 1. 1. 1. 1. 1. 1. 1. 1. 1.
1.
    60240
1. 1. 1. 1. 1. 1. 0. 1. 1. 1.
1. 1. 1. 1. 1. 1. 1. 1. 1. 1.
1. 1. 1. 1. 1. 1. 1. 1. 1. 1.
1. 1. 1. 1. 1. 1. 1. 1. 1. 1.
1.
1. 1. 1. 1. 1. 0. 0. 1. 1. 1.
0. 1. 1. 1. 1. 1. 1. 1. 1. 0.
1. 1. 1. 1. 1. 1. 1. 1. 1.
1. 1. 1. 1. 1. 1. 1. 1. 1. 1.
1. 1. 1. 1. 1. 1. 1. 1. 1. 1.
1. 1. 1. 1. 1. 1. 1. 1. 1. 1.
1.
    61252
1. 1. 1. 1. 1. 1. 0. 1. 1. 1.
1. 1. 1. 1. 1. 1. 1. 1. 1. 1.
1. 1. 1. 1. 1. 1. 1. 1. 1. 1.
1. 1. 1. 1. 1. 1. 1. 1. 1. 1.
1.
0. 0. 0. 0. 0. 0. 0. 0. 0. 0.
0. 0. 0. 0. 0. 0. 0. 0. 0. 0.
0. 0. 0. 0. 0. 0. 0. 0. 0.
1. 1. 1. 1. 1. 1. 1. 1. 1. 1.
1. 1. 1. 1. 1. 1. 1. 1. 1. 1.
1. 1. 1. 1. 1. 1. 1. 1. 1. 1.
1.
    61267
1. 1. 1. 1. 1. 1. 0. 1. 1. 1.
1. 1. 1. 1. 1. 1. 1. 1. 1. 1.
1. 1. 1. 1. 1. 1. 1. 1. 1. 1.
1. 1. 1. 1. 1. 1. 1. 1. 1. 1.
1.
1. 1. 1. 1. 1. 0. 0. 1. 1. 1.
0. 1. 1. 1. 1. 1. 1. 1. 1. 0.
1. 1. 1. 1. 1. 1. 1. 1. 1.
1. 1. 1. 1. 1. 1. 1. 1. 1. 1.
1. 1. 1. 1. 1. 1. 1. 1. 1. 1.
1. 1. 1. 1. 1. 1. 1. 1. 1. 1.
1.
    62462
1. 1. 1. 1. 1. 1. 0. 1. 1. 1.
1. 1. 1. 1. 1. 1. 1. 1. 1. 1.
1. 1. 1. 1. 1. 1. 1. 1. 1. 1.
1. 1. 1. 1. 1. 1. 1. 1. 1. 1.
1.
0. 0. 0. 0. 0. 0. 0. 0. 0. 0.
0. 0. 0. 0. 0. 0. 0. 0. 0. 0.
0. 0. 0. 0. 0. 0. 0. 0. 0.
1. 1. 1. 1. 1. 1. 1. 1. 1. 1.
1. 1. 1. 1. 1. 1. 1. 1. 1. 1.
1. 1. 1. 1. 1. 1. 1. 1. 1. 1.
1.
    62489
1. 1. 1. 1. 1. 1. 0. 1. 1. 1.
1. 1. 1. 1. 1. 1. 1. 1. 1. 1.
1. 1. 1. 1. 1. 1. 1. 1. 1. 1.
1. 1. 1. 1. 1. 1. 1. 1. 1. 1.
1.
1. 1. 1. 1. 1. 0. 0. 1. 1. 1.
0. 1. 1. 1. 1. 1. 1. 1. 1. 0.
1. 1. 1. 1. 1. 1. 1. 1. 1.
1. 1. 1. 1. 1. 1. 1. 1. 1. 1.
1. 1. 1. 1. 1. 1. 1. 1. 1. 1.
1. 1. 1. 1. 1. 1. 1. 1. 1. 1.
1.
    62605
1. 1. 1. 1. 1. 1. 0. 1. 1. 1.
1. 1. 1. 1. 1. 1. 1. 1. 1. 1.
1. 1. 1. 1. 1. 1. 1. 1. 1. 1.
1. 1. 1. 1. 1. 1. 1. 1. 1. 1.
1.
0. 0. 0. 0. 0. 0. 0. 0. 0. 0.
0. 0. 0. 0. 0. 0. 0. 0. 0. 0.
0. 0. 0. 0. 0. 0. 0. 0. 0.
1. 1. 1. 1. 1. 1. 1. 1. 1. 1.
1. 1. 1. 1. 1. 1. 1. 1. 1. 1.
1. 1. 1. 1. 1. 1. 1. 1. 1. 1.
1.
    62838
1. 1. 1. 1. 1. 1. 0. 1. 1. 1.
1. 1. 1. 1. 1. 1. 1. 1. 1. 1.
1. 1. 1. 1. 1. 1. 1. 1. 1. 1.
1. 1. 1. 1. 1. 1. 1. 1. 1. 1.
1.
1. 1. 1. 1. 1. 0. 0. 1. 1. 1.
0. 1. 1. 1. 1. 1. 1. 1. 1. 0.
1. 1. 1. 1. 1. 1. 1. 1. 1.
1. 1. 1. 1. 1. 1. 1. 1. 1. 1.
1. 1. 1. 1. 1. 1. 1. 1. 1. 1.
1. 1. 1. 1. 1. 1. 1. 1. 1. 1.
1.
    62923
1. 1. 1. 1. 1. 1. 0. 1. 1. 1.
1. 1. 1. 1. 1. 1. 1. 1. 1. 1.
1. 1. 1. 1. 1. 1. 1. 1. 1. 1.
1. 1. 1. 1. 1. 1. 1. 1. 1. 1.
1.
1. 1. 1. 1. 1. 0. 0. 1. 0. 1.
0. 1. 1. 1. 1. 1. 1. 1. 1. 0.
1. 1. 1. 1. 1. 1. 1. 1. 1.
1. 1. 1. 1. 1. 1. 1. 1. 1. 1.
1. 1. 1. 1. 1. 1. 1. 1. 1. 1.
1. 1. 1. 1. 1. 1. 1. 1. 1. 1.
1.
    64449
1. 1. 1. 1. 1. 1. 0. 1. 1. 1.
1. 1. 1. 1. 1. 0. 1. 1. 1. 1.
1. 1. 1. 1. 1. 1. 1. 1. 1. 1.
1. 1. 1. 1. 1. 1. 1. 1. 1. 1.
1.
1. 1. 1. 1. 1. 0. 0. 1. 0. 1.
0. 1. 1. 1. 1. 1. 1. 1. 1. 0.
1. 1. 1. 1. 1. 1. 1. 1. 1.
1. 1. 1. 1. 1. 1. 1. 1. 1. 1.
1. 1. 1. 1. 1. 1. 1. 1. 1. 1.
1. 1. 1. 1. 1. 1. 1. 1. 1. 1.
1.
    64454
1. 1. 1. 1. 1. 1. 0. 1. 1. 1.
1. 1. 1. 1. 1. 1. 1. 1. 1. 1.
1. 1. 1. 1. 1. 1. 1. 1. 1. 1.
1. 1. 1. 1. 1. 1. 1. 1. 1. 1.
1.
1. 1. 1. 1. 1. 0. 0. 1. 0. 1.
0. 1. 1. 1. 1. 1. 1. 1. 1. 0.
1. 1. 1. 1. 1. 1. 1. 1. 1.
1. 1. 1. 1. 1. 1. 1. 1. 1. 1.
1. 1. 1. 1. 1. 1. 1. 1. 1. 1.
1. 1. 1. 1. 1. 1. 1. 1. 1. 1.
1.
    65753
1. 1. 1. 1. 1. 1. 0. 1. 1. 1.
1. 1. 1. 1. 1. 1. 1. 1. 1. 1.
1. 1. 1. 1. 1. 1. 1. 1. 1. 1.
1. 1. 1. 1. 1. 1. 1. 1. 1. 1.
1.
0. 0. 0. 0. 0. 0. 0. 0. 0. 0.
0. 0. 0. 0. 0. 0. 0. 0. 0. 0.
0. 0. 0. 0. 0. 0. 0. 0. 0.
1. 1. 1. 1. 1. 1. 1. 1. 1. 1.
1. 1. 1. 1. 1. 1. 1. 1. 1. 1.
1. 1. 1. 1. 1. 1. 1. 1. 1. 1.
1.
    65809
1. 1. 1. 1. 1. 1. 0. 1. 1. 1.
1. 1. 1. 1. 1. 1. 1. 1. 1. 1.
1. 1. 1. 1. 1. 1. 1. 1. 1. 1.
1. 1. 1. 1. 1. 1. 1. 1. 1. 1.
1.
1. 1. 1. 1. 1. 0. 0. 1. 0. 1.
0. 1. 1. 1. 1. 1. 1. 1. 1. 0.
1. 1. 1. 1. 1. 1. 1. 1. 1.
1. 1. 1. 1. 1. 1. 1. 1. 1. 1.
1. 1. 1. 1. 1. 1. 1. 1. 1. 1.
1. 1. 1. 1. 1. 1. 1. 1. 1. 1.
1.
    67034
1. 1. 1. 1. 1. 1. 0. 1. 1. 1.
1. 1. 1. 1. 1. 1. 1. 1. 1. 1.
1. 1. 1. 1. 1. 1. 1. 1. 1. 1.
1. 1. 1. 1. 1. 1. 1. 1. 1. 1.
1.
0. 0. 0. 0. 0. 0. 0. 0. 0. 0.
0. 0. 0. 0. 0. 0. 0. 0. 0. 0.
0. 0. 0. 0. 0. 0. 0. 0. 0.
1. 1. 1. 1. 1. 1. 1. 1. 1. 1.
1. 1. 1. 1. 1. 1. 1. 1. 1. 1.
1. 1. 1. 1. 1. 1. 1. 1. 1. 1.
1.
    67035
1. 1. 1. 1. 1. 1. 0. 1. 1. 1.
1. 1. 1. 1. 1. 1. 1. 1. 1. 1.
1. 1. 1. 1. 1. 1. 1. 1. 1. 1.
1. 1. 1. 1. 1. 1. 1. 1. 1. 1.
1.
1. 1. 1. 1. 1. 0. 0. 1. 0. 1.
0. 1. 1. 1. 1. 1. 1. 1. 1. 0.
1. 1. 1. 1. 1. 1. 1. 1. 1.
1. 1. 1. 1. 1. 1. 1. 1. 1. 1.
1. 1. 1. 1. 1. 1. 1. 1. 1. 1.
1. 1. 1. 1. 1. 1. 1. 1. 1. 1.
1.
    67036
1. 1. 1. 1. 1. 1. 0. 1. 1. 1.
1. 1. 1. 1. 1. 1. 1. 1. 1. 1.
1. 1. 1. 1. 1. 1. 1. 1. 1. 1.
1. 1. 1. 1. 1. 1. 1. 1. 1. 1.
1.
0. 0. 0. 0. 0. 0. 0. 0. 0. 0.
0. 0. 0. 0. 0. 0. 0. 0. 0. 0.
0. 0. 0. 0. 0. 0. 0. 0. 0.
1. 1. 1. 1. 1. 1. 1. 1. 1. 1.
1. 1. 1. 1. 1. 1. 1. 1. 1. 1.
1. 1. 1. 1. 1. 1. 1. 1. 1. 1.
1.
    67037
1. 1. 1. 1. 1. 1. 0. 1. 1. 1.
1. 1. 1. 1. 1. 1. 1. 1. 1. 1.
1. 1. 1. 1. 1. 1. 1. 1. 1. 1.
1. 1. 1. 1. 1. 1. 1. 1. 1. 1.
1.
1. 1. 1. 1. 1. 0. 0. 1. 0. 1.
0. 1. 1. 1. 1. 1. 1. 1. 1. 0.
1. 1. 1. 1. 1. 1. 1. 1. 1.
1. 1. 1. 1. 1. 1. 1. 1. 1. 1.
1. 1. 1. 1. 1. 1. 1. 1. 1. 1.
1. 1. 1. 1. 1. 1. 1. 1. 1. 1.
1.
    67822
1. 1. 1. 1. 1. 1. 0. 1. 1. 1.
1. 1. 1. 1. 1. 1. 1. 1. 1. 1.
1. 1. 1. 1. 1. 1. 1. 1. 1. 1.
1. 1. 1. 1. 1. 1. 1. 1. 1. 1.
1.
0. 0. 0. 0. 0. 0. 0. 0. 0. 0.
0. 0. 0. 0. 0. 0. 0. 0. 0. 0.
0. 0. 0. 0. 0. 0. 0. 0. 0.
1. 1. 1. 1. 1. 1. 1. 1. 1. 1.
1. 1. 1. 1. 1. 1. 1. 1. 1. 1.
1. 1. 1. 1. 1. 1. 1. 1. 1. 1.
1.
    68434
1. 1. 1. 1. 1. 1. 0. 1. 1. 1.
1. 1. 1. 1. 1. 1. 1. 1. 1. 1.
1. 1. 1. 1. 1. 1. 1. 1. 1. 1.
1. 1. 1. 1. 1. 1. 1. 1. 1. 1.
1.
1. 1. 1. 1. 1. 0. 0. 1. 0. 1.
0. 1. 1. 1. 1. 1. 1. 1. 1. 0.
1. 1. 1. 1. 1. 1. 1. 1. 1.
1. 1. 1. 1. 1. 1. 1. 1. 1. 1.
1. 1. 1. 1. 1. 1. 1. 1. 1. 1.
1. 1. 1. 1. 1. 1. 1. 1. 1. 1.
1.
    70374
1. 1. 1. 1. 1. 1. 0. 1. 1. 1.
1. 1. 1. 1. 1. 1. 1. 1. 1. 1.
1. 1. 1. 1. 1. 1. 1. 1. 1. 1.
1. 1. 1. 1. 1. 1. 1. 1. 1. 1.
1.
1. 1. 1. 1. 1. 0. 0. 1. 0. 1.
0. 1. 1. 1. 1. 1. 1. 0. 1. 0.
1. 1. 1. 1. 1. 1. 1. 1. 1.
1. 1. 1. 1. 1. 1. 1. 1. 1. 1.
1. 1. 1. 1. 1. 1. 1. 1. 1. 1.
1. 1. 1. 1. 1. 1. 1. 1. 1. 1.
1.
    70565
1. 1. 1. 1. 1. 1. 0. 1. 1. 1.
1. 1. 1. 1. 1. 1. 1. 1. 1. 1.
1. 1. 1. 1. 1. 1. 1. 1. 1. 1.
1. 1. 1. 1. 1. 1. 1. 1. 1. 1.
1.
0. 0. 0. 0. 0. 0. 0. 0. 0. 0.
0. 0. 0. 0. 0. 0. 0. 0. 0. 0.
0. 0. 0. 0. 0. 0. 0. 0. 0.
1. 1. 1. 1. 1. 1. 1. 1. 1. 1.
1. 1. 1. 1. 1. 1. 1. 1. 1. 1.
1. 1. 1. 1. 1. 1. 1. 1. 1. 1.
1.
    71050
1. 1. 1. 1. 1. 1. 0. 1. 1. 1.
1. 1. 1. 1. 1. 1. 1. 1. 1. 1.
1. 1. 1. 1. 1. 1. 1. 1. 1. 1.
1. 1. 1. 1. 1. 1. 1. 1. 1. 1.
1.
1. 1. 1. 1. 1. 0. 0. 1. 0. 1.
0. 1. 1. 1. 1. 1. 1. 0. 1. 0.
1. 1. 1. 1. 1. 1. 1. 1. 1.
1. 1. 1. 1. 1. 1. 1. 1. 1. 1.
1. 1. 1. 1. 1. 1. 1. 1. 1. 1.
1. 1. 1. 1. 1. 1. 1. 1. 1. 1.
1.
    71556
1. 1. 1. 1. 1. 1. 0. 1. 1. 1.
1. 1. 1. 1. 1. 1. 1. 1. 1. 1.
1. 1. 1. 1. 1. 1. 1. 1. 1. 1.
1. 1. 1. 1. 1. 1. 1. 1. 1. 1.
1.
0. 0. 0. 0. 0. 0. 0. 0. 0. 0.
0. 0. 0. 0. 0. 0. 0. 0. 0. 0.
0. 0. 0. 0. 0. 0. 0. 0. 0.
1. 1. 1. 1. 1. 1. 1. 1. 1. 1.
1. 1. 1. 1. 1. 1. 1. 1. 1. 1.
1. 1. 1. 1. 1. 1. 1. 1. 1. 1.
1.
    72360
1. 1. 1. 1. 1. 1. 0. 1. 1. 1.
1. 1. 1. 1. 1. 1. 1. 1. 1. 1.
1. 1. 1. 1. 1. 1. 1. 1. 1. 1.
1. 1. 1. 1. 1. 1. 1. 1. 1. 1.
1.
1. 1. 1. 1. 1. 0. 0. 1. 0. 1.
0. 1. 1. 1. 1. 1. 1. 0. 1. 0.
1. 1. 1. 1. 1. 1. 1. 1. 1.
1. 1. 1. 1. 1. 1. 1. 1. 1. 1.
1. 1. 1. 1. 1. 1. 1. 1. 1. 1.
1. 1. 1. 1. 1. 1. 1. 1. 1. 1.
1.
    72414
1. 1. 1. 1. 1. 1. 0. 1. 1. 1.
1. 1. 1. 1. 1. 1. 1. 1. 1. 1.
1. 1. 1. 1. 1. 1. 1. 1. 1. 1.
1. 1. 1. 1. 1. 1. 1. 1. 1. 1.
1.
0. 0. 0. 0. 0. 0. 0. 0. 0. 0.
0. 0. 0. 0. 0. 0. 0. 0. 0. 0.
0. 0. 0. 0. 0. 0. 0. 0. 0.
1. 1. 1. 1. 1. 1. 1. 1. 1. 1.
1. 1. 1. 1. 1. 1. 1. 1. 1. 1.
1. 1. 1. 1. 1. 1. 1. 1. 1. 1.
1.
    72433
1. 1. 1. 1. 1. 1. 0. 1. 1. 1.
1. 1. 1. 1. 1. 1. 1. 1. 1. 1.
1. 1. 1. 1. 1. 1. 1. 1. 1. 1.
1. 1. 1. 1. 1. 1. 1. 1. 1. 1.
1.
1. 1. 1. 1. 1. 0. 0. 1. 0. 1.
0. 1. 1. 1. 1. 1. 1. 0. 1. 0.
1. 0. 1. 1. 1. 1. 1. 1. 1.
1. 1. 1. 1. 1. 1. 1. 1. 1. 1.
1. 1. 1. 1. 1. 1. 1. 1. 1. 1.
1. 1. 1. 1. 1. 1. 1. 1. 1. 1.
1.
    72517
1. 1. 1. 1. 1. 1. 0. 1. 1. 1.
1. 1. 1. 1. 1. 1. 1. 1. 1. 1.
1. 1. 1. 1. 1. 1. 1. 1. 1. 1.
1. 1. 1. 1. 1. 1. 1. 1. 1. 1.
1.
0. 0. 0. 0. 0. 0. 0. 0. 0. 0.
0. 0. 0. 0. 0. 0. 0. 0. 0. 0.
0. 0. 0. 0. 0. 0. 0. 0. 0.
1. 1. 1. 1. 1. 1. 1. 1. 1. 1.
1. 1. 1. 1. 1. 1. 1. 1. 1. 1.
1. 1. 1. 1. 1. 1. 1. 1. 1. 1.
1.
    72572
1. 1. 1. 1. 1. 1. 0. 1. 1. 1.
1. 1. 1. 1. 1. 1. 1. 1. 1. 1.
1. 1. 1. 1. 1. 1. 1. 1. 1. 1.
1. 1. 1. 1. 1. 1. 1. 1. 1. 1.
1.
1. 1. 1. 1. 1. 0. 0. 1. 0. 1.
0. 1. 1. 1. 1. 1. 1. 0. 1. 0.
1. 0. 1. 1. 1. 1. 1. 1. 1.
1. 1. 1. 1. 1. 1. 1. 1. 1. 1.
1. 1. 1. 1. 1. 1. 1. 1. 1. 1.
1. 1. 1. 1. 1. 1. 1. 1. 1. 1.
1.
    72745
1. 1. 1. 1. 1. 1. 0. 1. 1. 1.
1. 1. 1. 1. 1. 1. 1. 1. 1. 1.
1. 1. 1. 1. 1. 1. 1. 1. 1. 1.
1. 1. 1. 1. 1. 1. 1. 1. 1. 1.
1.
0. 0. 0. 0. 0. 0. 0. 0. 0. 0.
0. 0. 0. 0. 0. 0. 0. 0. 0. 0.
0. 0. 0. 0. 0. 0. 0. 0. 0.
1. 1. 1. 1. 1. 1. 1. 1. 1. 1.
1. 1. 1. 1. 1. 1. 1. 1. 1. 1.
1. 1. 1. 1. 1. 1. 1. 1. 1. 1.
1.
    73623
1. 1. 1. 1. 1. 1. 0. 1. 1. 1.
1. 1. 1. 1. 1. 1. 1. 1. 1. 1.
1. 1. 1. 1. 1. 1. 1. 1. 1. 1.
1. 1. 1. 1. 1. 1. 1. 1. 1. 1.
1.
1. 1. 1. 1. 1. 0. 0. 1. 0. 1.
0. 1. 1. 1. 1. 1. 1. 0. 1. 0.
1. 0. 0. 1. 1. 1. 1. 1. 1.
1. 1. 1. 1. 1. 1. 1. 1. 1. 1.
1. 1. 1. 1. 1. 1. 1. 1. 1. 1.
1. 1. 1. 1. 1. 1. 1. 1. 1. 1.
1.
    73700
1. 1. 1. 1. 1. 1. 0. 1. 1. 1.
1. 1. 1. 1. 1. 1. 1. 1. 1. 1.
1. 1. 1. 1. 1. 1. 1. 1. 1. 1.
1. 1. 1. 1. 1. 1. 1. 1. 1. 1.
1.
1. 1. 1. 1. 1. 0. 0. 1. 0. 1.
0. 1. 1. 1. 1. 1. 1. 0. 1. 0.
1. 0. 0. 1. 1. 1. 1. 1. 1.
1. 0. 0. 1. 1. 1. 1. 1. 1. 1.
1. 1. 1. 1. 1. 1. 1. 1. 1. 1.
1. 1. 1. 1. 1. 1. 1. 1. 1. 1.
1.
    74015
1. 1. 1. 1. 1. 1. 0. 1. 1. 1.
1. 1. 1. 1. 1. 1. 1. 1. 1. 1.
1. 1. 1. 1. 1. 1. 1. 1. 1. 1.
1. 1. 1. 1. 1. 1. 0. 1. 1. 0.
1.
0. 0. 0. 0. 0. 0. 0. 0. 0. 0.
0. 0. 0. 0. 0. 0. 0. 0. 0. 0.
0. 0. 0. 0. 0. 0. 0. 0. 0.
1. 0. 0. 1. 1. 1. 1. 1. 1. 1.
1. 1. 1. 1. 1. 1. 1. 1. 1. 1.
1. 1. 1. 1. 1. 1. 1. 1. 1. 1.
1.
    74040
1. 1. 1. 1. 1. 1. 0. 1. 1. 1.
1. 1. 1. 1. 1. 1. 1. 1. 1. 1.
1. 1. 1. 1. 1. 1. 1. 1. 1. 1.
1. 1. 1. 1. 1. 1. 0. 1. 1. 0.
1.
1. 1. 1. 1. 1. 0. 0. 1. 0. 1.
0. 1. 1. 1. 1. 1. 1. 0. 1. 0.
1. 0. 0. 1. 1. 1. 1. 1. 1.
1. 0. 0. 1. 1. 1. 1. 1. 1. 1.
1. 1. 1. 1. 1. 1. 1. 1. 1. 1.
1. 1. 1. 1. 1. 1. 1. 1. 1. 1.
1.
    74143
1. 1. 1. 1. 1. 1. 0. 1. 1. 1.
1. 1. 1. 1. 1. 1. 1. 1. 1. 1.
1. 1. 1. 1. 1. 1. 1. 1. 1. 1.
1. 1. 1. 1. 1. 1. 1. 1. 1. 0.
1.
0. 0. 0. 0. 0. 0. 0. 0. 0. 0.
0. 0. 0. 0. 0. 0. 0. 0. 0. 0.
0. 0. 0. 0. 0. 0. 0. 0. 0.
1. 0. 0. 1. 1. 1. 1. 1. 1. 1.
1. 1. 1. 1. 1. 1. 1. 1. 1. 1.
1. 1. 1. 1. 1. 1. 1. 1. 1. 1.
1.
    74266
1. 1. 1. 1. 1. 1. 0. 1. 1. 1.
1. 1. 1. 1. 1. 1. 1. 1. 1. 1.
1. 1. 1. 1. 1. 1. 1. 1. 1. 1.
1. 1. 1. 1. 1. 1. 1  1. 1. 1.
1.
1. 1. 1. 1. 1. 0. 0. 1. 0. 1.
0. 1. 1. 1. 1. 1. 1. 0. 1. 0.
1. 0. 0. 1. 1. 1. 1. 1. 1.
1. 1. 1. 1. 1. 1. 1. 1. 1. 1.
1. 1. 1. 1. 1. 1. 1. 1. 1. 1.
1. 1. 1. 1. 1. 1. 1. 1. 1. 1.
1.
    74476
1. 1. 1. 1. 1. 1. 0. 1. 1. 1.
1. 1. 1. 1. 1. 1. 1. 1. 1. 1.
1. 1. 1. 1. 1. 1. 1. 1. 1. 1.
1. 1. 1. 1. 1. 1. 1  1. 1. 1.
1.
1. 1. 1. 1. 1. 0. 0. 1. 0. 1.
0. 1. 1. 1. 1. 1. 1. 0. 1. 0.
1. 0. 0. 1. 1. 1. 1. 1. 1.
1. 1. 1. 0. 1. 1. 1. 1. 1. 1.
1. 1. 1. 1. 1. 1. 1. 1. 1. 1.
1. 1. 1. 1. 1. 1. 1. 1. 1. 1.
1.
    74477
1. 1. 1. 1. 1. 1. 0. 1. 1. 1.
1. 1. 1. 1. 1. 1. 1. 1. 1. 1.
1. 1. 1. 1. 1. 1. 1. 1. 1. 1.
1. 1. 1. 1. 1. 1. 1  1. 1. 1.
1.
1. 1. 1. 1. 1. 0. 0. 1. 0. 1.
0. 1. 1. 1. 1. 1. 1. 0. 1. 0.
1. 0. 0. 1. 1. 1. 1. 1. 1.
1. 1. 1. 1. 1. 1. 1. 1. 1. 1.
1. 1. 1. 1. 1. 1. 1. 1. 1. 1.
1. 1. 1. 1. 1. 1. 1. 1. 1. 1.
1.
    75100
1. 1. 1. 1. 1. 1. 0. 1. 1. 1.
1. 1. 1. 1. 1. 1. 1. 1. 1. 1.
1. 1. 1. 1. 1. 1. 1. 1. 1. 1.
1. 1. 1. 1. 1. 1. 1  1. 1. 1.
1.
1. 1. 1. 0. 1. 0. 0. 1. 0. 1.
0. 1. 1. 1. 1. 1. 1. 0. 1. 0.
1. 0. 0. 1. 1. 1. 1. 1. 1.
1. 1. 1. 1. 1. 1. 1. 1. 1. 1.
1. 1. 1. 1. 1. 1. 1. 1. 1. 1.
1. 1. 1. 1. 1. 1. 1. 1. 1. 1.
1.
    75180
1. 1. 1. 1. 1. 1. 0. 1. 1. 1.
1. 1. 1. 1. 1. 1. 1. 1. 1. 1.
1. 1. 1. 1. 1. 1. 1. 1. 1. 1.
1. 1. 1. 1. 1. 1. 1  1. 1. 1.
1.
1. 1. 1. 1. 1. 0. 0. 1. 0. 1.
0. 1. 1. 1. 1. 1. 1. 0. 1. 0.
1. 0. 0. 1. 1. 1. 1. 1. 1.
1. 1. 1. 1. 1. 1. 1. 1. 1. 1.
1. 1. 1. 1. 1. 1. 1. 1. 1. 1.
1. 1. 1. 1. 1. 1. 1. 1. 1. 1.
1.
    76559
1. 1. 1. 1. 1. 1. 0. 1. 1. 1.
1. 1. 1. 1. 0. 1. 1. 1. 1. 1.
1. 1. 1. 1. 1. 1. 1. 1. 1. 1.
1. 1. 1. 1. 1. 1. 1  1. 1. 1.
1.
1. 1. 1. 1. 1. 0. 0. 1. 0. 1.
0. 1. 1. 1. 1. 1. 1. 0. 1. 0.
1. 0. 0. 1. 1. 1. 1. 1. 1.
1. 1. 1. 1. 1. 1. 1. 1. 1. 1.
1. 1. 1. 1. 1. 1. 1. 1. 1. 1.
1. 1. 1. 1. 1. 1. 1. 1. 1. 1.
1.
    76806
1. 1. 1. 1. 1. 1. 0. 1. 1. 1.
1. 1. 1. 1. 1. 1. 1. 1. 1. 1.
1. 1. 1. 1. 1. 1. 1. 1. 1. 1.
1. 1. 1. 1. 1. 1. 1  1. 1. 1.
1.
1. 1. 1. 1. 1. 0. 0. 1. 0. 1.
0. 1. 1. 0. 1. 1. 1. 0. 1. 0.
1. 0. 0. 1. 1. 1. 1. 1. 1.
1. 1. 1. 1. 1. 1. 1. 1. 1. 1.
1. 1. 1. 1. 1. 1. 1. 1. 1. 1.
1. 1. 1. 1. 1. 1. 1. 1. 1. 1.
1.
    76929
1. 1. 1. 1. 1. 1. 0. 1. 1. 1.
1. 1. 1. 1. 1. 1. 1. 1. 1. 0.
0. 0. 1. 1. 1. 1. 1. 1. 1. 0.
0. 0. 1. 1. 1. 1. 1  1. 1. 1.
1.
1. 1. 1. 1. 1. 0. 0. 1. 0. 1.
0. 1. 1. 0. 1. 1. 1. 0. 1. 0.
1. 0. 0. 1. 1. 1. 1. 1. 1.
1. 1. 1. 1. 1. 1. 1. 1. 1. 1.
1. 1. 1. 1. 1. 1. 1. 1. 1. 1.
1. 1. 1. 1. 1. 1. 1. 1. 1. 1.
1.
    77770
1. 1. 1. 1. 1. 1. 0. 1. 1. 1.
1. 1. 1. 1. 1. 1. 1. 1. 1. 1.
1. 1. 1. 1. 1. 1. 1. 1. 1. 1.
1. 1. 1. 1. 1. 1. 1  1. 1. 1.
1.
1. 1. 0. 1. 1. 0. 0. 1. 0. 1.
0. 1. 1. 0. 1. 1. 1. 0. 1. 0.
1. 0. 0. 1. 1. 1. 1. 1. 1.
1. 1. 1. 1. 1. 1. 1. 1. 1. 1.
1. 1. 1. 1. 1. 1. 1. 1. 1. 1.
1. 1. 1. 1. 1. 1. 1. 1. 1. 1.
1.
    78029
1. 1. 1. 1. 1. 1. 0. 1. 1. 1.
1. 1. 1. 1. 1. 1. 1. 1. 1. 1.
1. 1. 1. 1. 1. 1. 1. 1. 1. 1.
1. 1. 1. 1. 1. 1. 1  1. 1. 1.
1.
1. 0. 0. 1. 1. 0. 0. 1. 0. 1.
0. 1. 1. 0. 1. 1. 1. 0. 1. 0.
1. 0. 0. 1. 1. 1. 1. 1. 1.
1. 1. 1. 1. 1. 1. 1. 1. 1. 1.
1. 1. 1. 1. 1. 1. 1. 1. 1. 1.
1. 1. 1. 1. 1. 1. 1. 1. 1. 1.
1.
    79657
1. 1. 1. 1. 1. 1. 0. 1. 1. 1.
1. 1. 1. 1. 1. 1. 1. 1. 1. 0.
0. 0. 1. 1. 1. 1. 1. 1. 1. 0.
0. 0. 1. 1. 1. 1. 1  1. 1. 1.
1.
1. 0. 0. 1. 1. 0. 0. 1. 0. 1.
0. 1. 1. 0. 1. 1. 1. 0. 1. 0.
1. 0. 0. 1. 1. 1. 1. 1. 1.
1. 1. 1. 1. 1. 1. 1. 1. 1. 1.
1. 1. 1. 1. 1. 1. 1. 1. 1. 1.
1. 1. 1. 1. 1. 1. 1. 1. 1. 1.
1.
    80791
1. 1. 1. 1. 1. 1. 0. 1. 1. 1.
1. 1. 1. 1. 1. 1. 1. 1. 1. 0.
0. 0. 1. 1. 1. 1. 1. 1. 1. 0.
0. 0. 1. 1. 1. 1. 1  1. 1. 1.
1.
1. 0. 0. 1. 1. 0. 0. 1. 0. 1.
0. 1. 1. 0. 1. 1. 1. 0. 1. 0.
1. 0. 0. 1. 1. 1. 1. 1. 1.
1. 1. 1. 1. 1. 1. 1. 1. 1. 1.
1. 1. 1. 1. 1. 0. 1. 1. 1. 1.
1. 1. 1. 1. 1. 1. 1. 1. 1. 1.
1.
    81050
1. 1. 1. 1. 1. 1. 0. 1. 1. 1.
1. 1. 1. 1. 1. 1. 1. 1. 1. 0.
0. 0. 1. 1. 1. 1. 1. 1. 1. 0.
0. 0. 1. 1. 1. 1. 1  1. 1. 1.
1.
1. 0. 0. 1. 1. 0. 0. 1. 0. 1.
0. 1. 1. 0. 1. 1. 1. 0. 1. 0.
1. 0. 0. 1. 1. 1. 1. 1. 1.
1. 1. 1. 1. 1. 1. 1. 1. 1. 1.
1. 1. 1. 1. 1. 1. 1. 1. 1. 1.
1. 1. 1. 1. 1. 1. 1. 1. 1. 1.
1.
    82234
1. 1. 1. 1. 1. 1. 0. 1. 1. 1.
1. 1. 1. 1. 1. 1. 1. 1. 1. 0.
0. 0. 1. 1. 1. 1. 1. 1. 1. 0.
0. 0. 1. 1. 1. 1. 1  1. 1. 1.
1.
1. 0. 0. 1. 1. 0. 0. 1. 0. 1.
0. 1. 1. 0. 1. 1. 1. 0. 1. 0.
1. 0. 0. 1. 1. 1. 1. 1. 1.
1. 1. 1. 1. 1. 1. 1. 1. 1. 0.
1. 1. 1. 1. 1. 1. 1. 1. 1. 1.
1. 1. 1. 1. 1. 1. 1. 1. 1. 1.
1.
    82721
1. 1. 1. 1. 1. 1. 0. 1. 1. 1.
1. 1. 1. 1. 1. 1. 1. 1. 1. 0.
0. 0. 1. 1. 1. 1. 1. 1. 1. 0.
0. 0. 1. 1. 1. 1. 1  1. 1. 1.
1.
1. 0. 0. 1. 1. 0. 0. 1. 0. 1.
0. 1. 1. 0. 1. 1. 1. 0. 1. 0.
1. 0. 0. 1. 1. 1. 1. 1. 1.
1. 1. 1. 1. 1. 1. 1. 1. 1. 1.
1. 1. 1. 1. 1. 1. 1. 1. 1. 1.
1. 1. 1. 1. 1. 1. 1. 1. 1. 1.
1.
    83301
1. 1. 1. 1. 1. 1. 0. 1. 1. 1.
1. 1. 1. 1. 1. 1. 1. 1. 1. 0.
0. 0. 1. 1. 1. 1. 1. 1. 1. 0.
0. 0. 1. 1. 1. 1. 1  1. 1. 1.
1.
1. 0. 0. 1. 1. 0. 0. 1. 0. 1.
0. 1. 1. 0. 1. 1. 1. 0. 1. 0.
1. 0. 0. 1. 1. 1. 1. 1. 1.
1. 1. 1. 1. 1. 1. 1. 1. 1. 1.
1. 1. 0. 1. 1. 1. 1. 1. 1. 1.
1. 1. 1. 1. 1. 1. 1. 1. 1. 1.
1.
    83401
1. 1. 1. 1. 1. 1. 0. 1. 1. 1.
1. 1. 1. 1. 1. 1. 1. 1. 1. 0.
0. 0. 1. 1. 1. 1. 1. 1. 1. 0.
0. 0. 1. 1. 1. 1. 1  1. 1. 1.
1.
1. 0. 0. 1. 1. 0. 0. 1. 0. 1.
0. 1. 1. 0. 1. 1. 1. 0. 1. 0.
1. 0. 0. 1. 1. 1. 1. 1. 1.
1. 1. 1. 1. 1. 1. 1. 1. 1. 1.
1. 1. 1. 1. 1. 1. 1. 1. 1. 1.
1. 1. 1. 1. 1. 1. 1. 1. 1. 1.
1.
    86750
1. 1. 1. 1. 1. 1. 0. 1. 1. 1.
1. 1. 1. 1. 1. 1. 1. 1. 1. 1.
1. 1. 1. 1. 1. 1. 1. 1. 1. 1.
1. 1. 1. 1. 1. 1. 1  1. 1. 1.
1.
1. 0. 0. 1. 1. 0. 0. 1. 0. 1.
0. 1. 1. 0. 1. 1. 1. 0. 1. 0.
1. 0. 0. 1. 1. 1. 1. 1. 1.
1. 1. 1. 1. 1. 1. 1. 1. 1. 1.
1. 1. 1. 1. 1. 1. 1. 1. 1. 1.
1. 1. 1. 1. 1. 1. 1. 1. 1. 1.
1.
    87355
1. 1. 1. 1. 1. 1. 0. 1. 1. 1.
1. 1. 1. 1. 1. 1. 1. 1. 1. 1.
1. 1. 1. 1. 1. 1. 1. 1. 1. 1.
0. 1. 1. 1. 1. 1. 1  1. 1. 1.
1.
1. 0. 0. 1. 1. 0. 0. 1. 0. 1.
0. 1. 1. 0. 1. 1. 1. 0. 1. 0.
1. 0. 0. 1. 1. 1. 1. 1. 1.
1. 1. 1. 1. 1. 1. 1. 1. 1. 1.
1. 1. 1. 1. 1. 1. 1. 1. 1. 1.
1. 1. 1. 1. 1. 1. 1. 1. 1. 1.
1.
    88100
1. 1. 1. 1. 1. 1. 0. 1. 1. 1.
1. 1. 1. 1. 1. 1. 1. 1. 1. 0.
0. 0. 1. 1. 1. 1. 1. 1. 1. 0.
0. 0. 1. 1. 1. 1. 1  1. 0. 1.
1.
1. 0. 0. 1. 1. 0. 0. 1. 0. 1.
0. 1. 1. 0. 1. 1. 1. 0. 1. 0.
1. 0. 0. 1. 1. 1. 1. 1. 1.
1. 1. 1. 1. 1. 1. 1. 1. 1. 1.
1. 1. 1. 1. 1. 1. 1. 1. 1. 1.
1. 1. 1. 1. 1. 1. 1. 1. 1. 1.
1.
    88437
1. 1. 1. 1. 1. 1. 0. 1. 1. 1.
1. 1. 1. 1. 1. 1. 1. 1. 1. 1.
1. 1. 1. 1. 1. 1. 1. 1. 1. 1.
0. 1. 1. 1. 1. 1. 1  1. 0. 1.
1.
1. 0. 0. 1. 1. 0. 0. 1. 0. 1.
0. 1. 1. 0. 1. 1. 1. 0. 1. 0.
1. 0. 0. 1. 1. 1. 1. 1. 1.
1. 1. 1. 1. 1. 1. 1. 1. 1. 1.
1. 1. 1. 1. 1. 1. 1. 1. 1. 1.
1. 1. 1. 1. 1. 1. 1. 1. 1. 1.
1.
    88968
1. 1. 1. 1. 1. 1. 0. 1. 1. 1.
1. 1. 1. 1. 1. 1. 1. 1. 1. 1.
1. 1. 1. 1. 1. 1. 1. 1. 1. 1.
0. 1. 1. 1. 1. 1. 1  1. 0. 1.
1.
1. 0. 0. 1. 1. 0. 0. 1. 0. 1.
0. 1. 1. 0. 1. 0. 1. 0. 1. 0.
1. 0. 0. 1. 1. 1. 1. 1. 1.
1. 1. 1. 1. 1. 1. 1. 1. 1. 1.
1. 1. 1. 1. 1. 1. 1. 1. 1. 1.
1. 1. 1. 1. 1. 1. 1. 1. 1. 1.
1.
    89321
1. 1. 1. 1. 1. 1. 0. 1. 1. 1.
1. 1. 1. 1. 1. 1. 1. 1. 1. 1.
1. 1. 1. 1. 1. 1. 1. 1. 1. 1.
1. 1. 1. 1. 1. 1. 1  1. 0. 1.
1.
1. 0. 0. 1. 1. 0. 0. 1. 0. 1.
0. 1. 1. 0. 1. 0. 1. 0. 1. 0.
1. 0. 0. 1. 1. 1. 1. 1. 1.
1. 1. 1. 1. 1. 1. 1. 1. 1. 1.
1. 1. 1. 1. 1. 1. 1. 1. 1. 1.
1. 1. 1. 1. 1. 1. 1. 1. 1. 1.
1.
    89945
1. 1. 1. 1. 1. 1. 0. 1. 1. 1.
1. 1. 1. 1. 1. 1. 1. 1. 1. 1.
1. 1. 1. 1. 1. 1. 1. 1. 1. 1.
1. 1. 1. 1. 1. 1. 1  1. 0. 1.
1.
1. 0. 0. 1. 1. 0. 0. 1. 0. 1.
0. 1. 1. 0. 1. 0. 1. 0. 1. 0.
1. 0. 0. 1. 1. 1. 1. 1. 1.
0. 1. 1. 1. 1. 1. 1. 1. 1. 1.
1. 1. 1. 1. 1. 1. 1. 1. 1. 1.
1. 1. 1. 1. 1. 1. 1. 1. 1. 1.
1.
    90220
1. 1. 1. 1. 1. 1. 0. 1. 1. 1.
1. 1. 1. 1. 1. 1. 1. 1. 1. 1.
1. 1. 1. 1. 1. 1. 1. 1. 1. 1.
1. 1. 1. 1. 1. 1. 1  1. 0. 1.
1.
1. 0. 0. 1. 1. 0. 0. 1. 0. 1.
0. 1. 1. 0. 1. 0. 1. 0. 1. 0.
1. 0. 0. 1. 1. 1. 1. 1. 1.
0. 1. 1. 1. 1. 1. 1. 0. 1. 1.
1. 1. 1. 1. 1. 1. 1. 1. 1. 1.
1. 1. 1. 1. 1. 1. 1. 1. 1. 1.
1.
    91000
1. 1. 1. 1. 1. 1. 0. 1. 1. 1.
1. 1. 1. 1. 1. 1. 1. 1. 1. 1.
1. 1. 1. 1. 1. 1. 1. 1. 1. 1.
1. 1. 1. 1. 1. 1. 1  1. 1. 1.
1.
1. 0. 0. 1. 1. 0. 0. 1. 0. 1.
0. 1. 1. 0. 1. 0. 1. 0. 1. 0.
1. 0. 0. 1. 1. 1. 1. 1. 1.
1. 1. 1. 1. 1. 1. 1. 1. 1. 1.
1. 1. 1. 1. 1. 1. 1. 1. 1. 1.
1. 1. 1. 1. 1. 1. 1. 1. 1. 1.
1.
1. 1. 1. 1. 1. 0. 1. 1. 
    93960
1. 1. 1. 1. 1. 1. 0. 1. 1. 1.
1. 1. 1. 1. 1. 1. 1. 1. 1. 1.
1. 1. 1. 1. 1. 1. 1. 1. 1. 1.
1. 1. 1. 1. 1. 1. 1  1. 1. 1.
1.
1. 0. 0. 1. 1. 0. 0. 0. 0. 1.
0. 1. 1. 0. 1. 0. 1. 0. 1. 0.
1. 0. 0. 1. 1. 1. 1. 1. 1.
1. 1. 1. 1. 1. 1. 1. 1. 1. 1.
1. 1. 1. 1. 1. 1. 1. 1. 1. 1.
1. 1. 1. 1. 1. 1. 1. 1. 1. 1.
1.
1. 1. 1. 1. 1. 0. 1. 1. 
    93982
1. 1. 1. 1. 1. 1. 0. 1. 1. 1.
1. 1. 1. 1. 1. 1. 1. 1. 1. 1.
1. 1. 1. 1. 1. 1. 1. 1. 1. 1.
1. 1. 1. 1. 1. 1. 1  1. 1. 1.
1.
1. 0. 0. 1. 1. 0. 0. 1. 0. 1.
0. 1. 1. 0. 1. 0. 1. 0. 1. 0.
1. 0. 0. 1. 1. 1. 1. 1. 1.
1. 1. 1. 1. 1. 1. 1. 1. 1. 1.
1. 1. 1. 1. 1. 1. 1. 1. 1. 1.
1. 1. 1. 1. 1. 1. 1. 1. 1. 1.
1.
1. 1. 1. 1. 1. 0. 1. 1. 
    94930
1. 1. 1. 1. 1. 1. 0. 1. 1. 1.
1. 1. 1. 1. 1. 1. 1. 1. 1. 1.
1. 1. 1. 1. 1. 1. 1. 1. 1. 1.
1. 1. 1. 0. 1. 1. 1  1. 1. 1.
1.
1. 0. 0. 1. 1. 0. 0. 1. 0. 1.
0. 1. 1. 0. 1. 0. 1. 0. 1. 0.
1. 0. 0. 1. 1. 1. 1. 1. 1.
1. 1. 1. 1. 1. 1. 1. 1. 1. 1.
1. 1. 1. 1. 1. 1. 1. 1. 1. 1.
1. 1. 1. 1. 1. 1. 1. 1. 1. 1.
1.
1. 1. 1. 1. 1. 0. 0. 1. 
    94939
1. 1. 1. 1. 1. 1. 0. 1. 1. 1.
1. 1. 1. 1. 1. 1. 1. 1. 1. 1.
1. 1. 1. 1. 1. 1. 1. 1. 1. 1.
1. 1. 1. 1. 1. 1. 1  1. 1. 1.
1.
1. 0. 0. 1. 1. 0. 0. 1. 0. 1.
0. 1. 1. 0. 1. 0. 1. 0. 1. 0.
1. 0. 0. 1. 1. 1. 1. 1. 1.
1. 1. 1. 1. 1. 1. 1. 1. 1. 1.
1. 1. 1. 1. 1. 1. 1. 1. 1. 1.
1. 1. 1. 1. 1. 1. 1. 1. 1. 1.
1.
1. 1. 1. 1. 1. 0. 0. 1. 
    94997
1. 1. 1. 1. 1. 1. 0. 1. 1. 1.
1. 1. 1. 1. 1. 1. 1. 1. 1. 1.
1. 1. 1. 1. 1. 1. 1. 1. 1. 1.
1. 1. 1. 1. 1. 1. 1  1. 1. 1.
1.
1. 0. 0. 1. 1. 0. 0. 1. 0. 1.
0. 1. 1. 0. 1. 0. 1. 0. 1. 0.
1. 0. 0. 1. 1. 1. 1. 1. 1.
1. 1. 1. 1. 1. 1. 1. 1. 1. 1.
1. 1. 1. 1. 1. 1. 1. 1. 1. 1.
1. 1. 1. 1. 1. 1. 1. 1. 1. 1.
1.
1. 1. 1. 1. 1. 0. 1. 1. 
    98751
1. 1. 1. 1. 1. 1. 0. 1. 1. 1.
1. 1. 1. 1. 1. 1. 1. 1. 1. 1.
1. 1. 1. 1. 1. 1. 1. 1. 1. 1.
1. 1. 1. 1. 1. 1. 1  1. 1. 1.
1.
1. 0. 0. 1. 1. 0. 0. 1. 0. 1.
0. 1. 1. 0. 1. 0. 1. 0. 1. 0.
1. 0. 0. 1. 1. 1. 1. 1. 1.
1. 1. 1. 1. 1. 1. 1. 1. 1. 1.
0. 1. 1. 1. 1. 1. 1. 1. 1. 1.
1. 1. 1. 1. 1. 1. 1. 1. 1. 1.
1.
1. 1. 1. 1. 1. 0. 1. 1. 
    99300
1. 1. 1. 1. 1. 1. 0. 1. 1. 1.
1. 1. 1. 1. 1. 1. 1. 1. 1. 1.
1. 1. 1. 1. 1. 1. 1. 1. 1. 1.
1. 1. 1. 1. 1. 1. 1  1. 1. 1.
1.
1. 0. 0. 1. 1. 0. 0. 1. 0. 1.
0. 1. 1. 0. 1. 0. 1. 0. 1. 0.
1. 0. 0. 1. 1. 1. 1. 1. 1.
1. 1. 1. 1. 1. 1. 1. 1. 1. 1.
1. 1. 1. 1. 1. 1. 1. 1. 1. 1.
1. 1. 1. 1. 1. 1. 1. 1. 1. 1.
1.
1. 1. 1. 1. 1. 0. 1. 1. 
   100852
1. 1. 1. 1. 1. 1. 0. 1. 1. 1.
1. 1. 1. 1. 1. 1. 1. 1. 1. 1.
1. 1. 1. 1. 1. 1. 1. 1. 1. 1.
1. 1. 1. 1. 1. 1. 1  1. 1. 1.
1.
1. 0. 0. 1. 1. 0. 0. 1. 0. 1.
0. 1. 1. 0. 1. 0. 1. 0. 1. 0.
1. 0. 0. 1. 1. 1. 1. 1. 1.
1. 1. 1. 1. 1. 1. 1. 1. 1. 1.
1. 1. 1. 1. 1. 1. 1. 1. 1. 1.
1. 1. 1. 1. 1. 1. 1. 1. 1. 1.
1.
1. 1. 1. 1. 1. 0. 1. 1.
1. 1. 1. 1. 0.
   101084
1. 1. 1. 1. 1. 1. 0. 1. 1. 1.
1. 1. 1. 1. 1. 1. 1. 1. 1. 1.
1. 1. 1. 1. 1. 1. 1. 1. 1. 1.
1. 1. 1. 1. 1. 1. 1  1. 1. 1.
1.
1. 0. 0. 1. 1. 0. 0. 0. 0. 1.
0. 1. 1. 0. 1. 0. 1. 0. 1. 0.
1. 0. 0. 1. 1. 1. 1. 1. 1.
1. 1. 1. 1. 1. 1. 1. 1. 1. 1.
1. 1. 1. 1. 1. 1. 1. 1. 1. 1.
1. 1. 1. 1. 1. 1. 1. 1. 1. 1.
1.
1. 1. 1. 1. 1. 0. 1. 1. 
1. 1. 1. 1. 0.
   101295
1. 1. 1. 1. 1. 1. 0. 1. 1. 1.
1. 1. 1. 1. 1. 1. 1. 1. 1. 1.
1. 1. 1. 0. 1. 1. 1. 1. 1. 1.
1. 1. 1. 1. 1. 1. 1  1. 1. 1.
1.
1. 0. 0. 1. 1. 0. 0. 0. 0. 1.
0. 1. 1. 0. 1. 0. 1. 0. 1. 0.
1. 0. 0. 1. 1. 1. 1. 1. 1.
1. 1. 1. 1. 1. 1. 1. 1. 1. 1.
1. 1. 1. 1. 1. 1. 1. 1. 1. 1.
1. 1. 1. 1. 1. 1. 1. 1. 1. 1.
1.
1. 1. 1. 1. 1. 0. 1. 1. 
1. 1. 1. 1. 0.
   101342
1. 1. 1. 1. 1. 1. 0. 1. 1. 1.
1. 1. 1. 1. 1. 1. 1. 1. 1. 1.
1. 1. 1. 1. 1. 1. 1. 1. 1. 1.
1. 1. 1. 1. 1. 1. 1  1. 1. 1.
1.
1. 0. 0. 1. 1. 0. 0. 0. 0. 1.
0. 1. 1. 0. 1. 0. 1. 0. 1. 0.
1. 0. 0. 1. 1. 1. 1. 1. 1.
1. 1. 1. 1. 1. 1. 1. 1. 1. 1.
1. 1. 1. 1. 1. 1. 1. 1. 1. 1.
1. 1. 1. 1. 1. 1. 1. 1. 1. 1.
1.
1. 1. 1. 1. 1. 0. 1. 1. 
1. 1. 1. 1. 0.
   101750
1. 1. 1. 1. 1. 1. 0. 1. 1. 1.
1. 1. 1. 1. 1. 1. 1. 1. 1. 1.
1. 1. 1. 1. 1. 1. 1. 1. 1. 1.
1. 1. 1. 1. 1. 1. 1  1. 1. 1.
1.
1. 0. 0. 1. 1. 0. 0. 0. 0. 0.
0. 1. 1. 0. 1. 0. 1. 0. 1. 0.
1. 0. 0. 1. 1. 1. 1. 1. 1.
1. 1. 1. 1. 1. 1. 1. 1. 1. 1.
1. 1. 1. 1. 1. 1. 1. 1. 1. 1.
1. 1. 1. 1. 1. 1. 1. 1. 1. 1.
1.
1. 1. 1. 1. 1. 0. 1. 1. 
1. 1. 1. 1. 0.
   102610
1. 1. 1. 1. 1. 1. 0. 1. 1. 1.
1. 1. 1. 1. 1. 1. 1. 1. 1. 1.
1. 1. 1. 1. 1. 1. 1. 1. 1. 1.
1. 1. 1. 1. 1. 1. 1  1. 1. 1.
1.
1. 0. 0. 1. 1. 0. 0. 0. 0. 0.
0. 1. 1. 0. 1. 0. 0. 0. 1. 0.
1. 0. 0. 1. 1. 1. 1. 1. 1.
1. 1. 1. 1. 1. 1. 1. 1. 1. 1.
1. 1. 1. 1. 1. 1. 1. 1. 1. 1.
1. 1. 1. 1. 1. 1. 1. 1. 1. 1.
1.
1. 1. 1. 1. 1. 0. 1. 1. 
1. 1. 1. 1. 0.
   107763
1. 1. 1. 1. 1. 1. 0. 1. 1. 1.
1. 1. 1. 1. 1. 1. 1. 1. 1. 1.
1. 1. 1. 1. 1. 1. 1. 1. 1. 1.
1. 1. 1. 1. 1. 1. 1  1. 1. 1.
1.
0. 0. 0. 1. 1. 0. 0. 0. 0. 0.
0. 1. 1. 0. 1. 0. 0. 0. 1. 0.
1. 0. 0. 1. 1. 1. 1. 1. 1.
1. 1. 1. 1. 1. 1. 1. 1. 1. 1.
1. 1. 1. 1. 1. 1. 1. 1. 1. 1.
1. 1. 1. 1. 1. 1. 1. 1. 1. 1.
1.
1. 1. 1. 1. 1. 0. 1. 1. 
1. 1. 1. 1. 0.
   108896
1. 1. 1. 1. 1. 1. 0. 1. 1. 1.
1. 1. 1. 1. 1. 1. 1. 1. 1. 1.
1. 1. 1. 1. 1. 1. 1. 1. 1. 1.
1. 1. 1. 1. 1. 1. 1  1. 1. 1.
1.
0. 0. 0. 1. 1. 0. 0. 0. 0. 0.
0. 1. 1. 0. 1. 0. 0. 0. 1. 0.
1. 0. 0. 0. 1. 1. 1. 1. 1.
1. 1. 1. 1. 1. 1. 1. 1. 1. 1.
1. 1. 1. 1. 1. 1. 1. 1. 1. 1.
1. 1. 1. 1. 1. 1. 1. 1. 1. 1.
1.
1. 1. 1. 1. 1. 0. 1. 1.
1. 1. 1. 1. 0.
   110341
1. 1. 1. 1. 1. 1. 0. 1. 1. 1.
1. 1. 1. 1. 1. 1. 1. 1. 1. 1.
1. 1. 1. 1. 1. 1. 1. 1. 1. 1.
1. 1. 1. 1. 1. 1. 1  1. 1. 1.
1.
0. 0. 0. 1. 0. 0. 0. 0. 0. 0.
0. 1. 1. 0. 1. 0. 0. 0. 1. 0.
1. 0. 0. 0. 1. 1. 1. 1. 1.
1. 1. 1. 1. 1. 1. 1. 1. 1. 1.
1. 1. 1. 1. 1. 1. 1. 1. 1. 1.
1. 1. 1. 1. 1. 1. 1. 1. 1. 1.
1.
1. 1. 1. 1. 1. 0. 1. 1.
1. 1. 1. 1. 0.
   112000
1. 1. 1. 1. 1. 1. 0. 1. 1. 1.
1. 1. 1. 1. 1. 1. 1. 1. 1. 1.
1. 1. 1. 1. 1. 1. 1. 1. 1. 0.
0. 1. 1. 1. 1. 1. 1  1. 1. 1.
1.
0. 0. 0. 0. 0. 0. 0. 0. 0. 0.
0. 0. 0. 0. 0. 0. 0. 0. 0. 0.
0. 0. 0. 0. 0. 0. 0. 0. 0.
1. 1. 1. 1. 1. 1. 0. 0. 0. 1.
1. 1. 0. 0. 0. 1. 1. 1. 1. 1.
1. 1. 1. 1. 1. 1. 1. 1. 1. 1.
1.
1. 1. 1. 1. 1. 0. 1. 0.
1. 1. 1. 1. 0.
   112454
1. 1. 1. 1. 1. 1. 0. 1. 1. 1.
1. 1. 1. 1. 1. 1. 1. 1. 1. 1.
0. 1. 1. 1. 1. 1. 1. 1. 1. 1.
1. 1. 1. 1. 1. 1. 1  1. 1. 1.
1.
0. 0. 0. 0. 0. 0. 0. 0. 0. 0.
0. 0. 0. 0. 0. 0. 0. 0. 0. 0.
0. 0. 0. 0. 0. 0. 0. 0. 0.
1. 1. 1. 1. 1. 1. 0. 0. 0. 1.
1. 1. 0. 0. 0. 1. 1. 1. 1. 1.
1. 1. 1. 1. 1. 1. 1. 1. 1. 1.
1.
1. 1. 1. 1. 1. 0. 1. 0.
1. 1. 1. 1. 0.
   112564
1. 1. 1. 1. 1. 1. 0. 1. 1. 1.
1. 1. 1. 1. 1. 1. 1. 1. 1. 1.
1. 1. 1. 1. 1. 1. 1. 1. 1. 1.
1. 1. 1. 1. 1. 1. 1  1. 1. 1.
1.
0. 0. 0. 0. 0. 0. 0. 0. 0. 0.
0. 0. 0. 0. 0. 0. 0. 0. 0. 0.
0. 0. 0. 0. 0. 0. 0. 0. 0.
1. 1. 1. 1. 1. 1. 0. 0. 0. 1.
1. 1. 0. 0. 0. 1. 1. 1. 1. 1.
1. 1. 1. 1. 1. 1. 1. 1. 1. 1.
1.
1. 1. 1. 1. 1. 0. 1. 0.
1. 1. 1. 1. 0.
   113890
1. 1. 1. 1. 1. 1. 0. 1. 1. 1.
1. 1. 1. 1. 1. 1. 1. 1. 1. 1.
1. 1. 1. 1. 1. 1. 1. 0. 1. 1.
1. 1. 1. 1. 1. 1. 1  1. 1. 1.
1.
0. 0. 0. 0. 0. 0. 0. 0. 0. 0.
0. 0. 0. 0. 0. 0. 0. 0. 0. 0.
0. 0. 0. 0. 0. 0. 0. 0. 0.
1. 1. 1. 1. 1. 1. 0. 0. 0. 1.
1. 1. 0. 0. 0. 1. 1. 1. 1. 1.
1. 1. 1. 1. 1. 1. 1. 1. 1. 1.
1.
1. 1. 1. 1. 1. 0. 1. 0.
1. 1. 1. 1. 0.
   115780
1. 1. 1. 1. 1. 1. 0. 1. 1. 1.
0. 1. 1. 1. 1. 1. 1. 1. 1. 1.
1. 0. 1. 1. 1. 1. 1. 0. 1. 1.
1. 1. 1. 1. 1. 1. 1  1. 1. 1.
1.
0. 0. 0. 0. 0. 0. 0. 0. 0. 0.
0. 0. 0. 0. 0. 0. 0. 0. 0. 0.
0. 0. 0. 0. 0. 0. 0. 0. 0.
1. 1. 1. 1. 1. 1. 0. 0. 0. 1.
1. 1. 0. 0. 0. 1. 1. 1. 1. 1.
1. 1. 1. 1. 1. 1. 1. 1. 1. 1.
1.
1. 1. 1. 1. 1. 0. 1. 0.
1. 1. 1. 1. 0.
   117140
1. 1. 1. 1. 1. 1. 0. 1. 1. 1.
0. 1. 1. 1. 1. 1. 1. 1. 1. 1.
1. 0. 1. 1. 1. 1. 1. 0. 1. 1.
1. 1. 1. 1. 1. 1. 1  1. 1. 1.
1.
0. 0. 0. 0. 0. 0. 0. 0. 0. 0.
0. 0. 0. 0. 0. 0. 0. 0. 0. 0.
0. 0. 0. 0. 0. 0. 0. 0. 0.
1. 1. 1. 1. 1. 1. 0. 0. 0. 1.
1. 1. 0. 0. 0. 1. 1. 1. 1. 1.
1. 1. 1. 1. 1. 1. 1. 1. 1. 0.
1.
1. 1. 1. 1. 1. 0. 1. 0.
1. 0. 1. 1. 0.
   117185
1. 1. 1. 1. 1. 1. 0. 1. 1. 1.
0. 1. 1. 1. 1. 1. 1. 1. 1. 1.
1. 0. 1. 1. 1. 1. 1. 0. 1. 1.
1. 1. 1. 1. 1. 1. 1. 1. 1. 1.
1.
1. 0. 1. 0. 0. 0. 0. 0. 0. 0.
0. 1. 0. 0. 0. 0. 1. 0. 0. 0.
0. 0. 0. 0. 0. 0. 1. 0. 0.
1. 1. 1. 1. 1. 1. 1. 1. 1. 1.
1. 1. 1. 1. 1. 1. 1. 1. 1. 1.
1. 1. 1. 1. 1. 1. 1. 1. 1. 0.
1.
1. 1. 1. 1. 1. 0. 1. 0.
1. 0. 1. 1. 0.
   117703
1. 1. 1. 1. 1. 1. 0. 1. 1. 1.
0. 1. 1. 1. 1. 1. 1. 1. 1. 1.
1. 0. 1. 1. 1. 1. 1. 0. 1. 1.
1. 1. 1. 1. 1. 1. 1. 1. 1. 1.
1.
1. 0. 1. 0. 0. 0. 0. 0. 0. 0.
0. 1. 0. 0. 0. 0. 0. 0. 0. 0.
0. 0. 0. 0. 0. 0. 1. 0. 0.
1. 1. 1. 1. 1. 1. 1. 1. 1. 1.
1. 1. 1. 1. 1. 1. 1. 1. 1. 1.
1. 1. 1. 1. 1. 1. 1. 1. 1. 0.
1.
1. 1. 1. 1. 1. 0. 1. 0.
1. 0. 1. 1. 0.
   120690
1. 1. 1. 1. 1. 1. 0. 1. 1. 1.
0. 1. 1. 1. 1. 1. 1. 1. 1. 1.
1. 0. 1. 1. 1. 1. 1. 0. 1. 1.
1. 1. 1. 1. 1. 1. 1. 1. 1. 1.
1.
0. 0. 0. 0. 0. 0. 0. 0. 0. 0.
0. 0. 0. 0. 0. 0. 0. 0. 0. 0.
0. 0. 0. 0. 0. 0. 0. 0. 0.
1. 1. 1. 1. 1. 1. 1. 1. 1. 1.
1. 1. 1. 1. 1. 1. 1. 1. 1. 1.
1. 1. 1. 1. 1. 1. 1. 1. 1. 0.
1.
1. 1. 1. 1. 1. 0. 1. 0.
1. 0. 1. 1. 0.
   120697
1. 1. 1. 1. 1. 1. 0. 1. 1. 1.
0. 1. 1. 1. 1. 1. 1. 1. 1. 1.
1. 0. 1. 1. 1. 1. 1. 0. 1. 1.
1. 1. 1. 1. 1. 1. 1. 1. 1. 1.
1.
1. 0. 1. 0. 0. 0. 0. 0. 0. 0.
0. 1. 0. 0. 0. 0. 0. 0. 0. 0.
0. 0. 0. 0. 0. 0. 1. 0. 0.
1. 1. 1. 1. 1. 1. 1. 1. 1. 1.
1. 1. 1. 1. 1. 1. 1. 1. 1. 1.
1. 1. 1. 1. 1. 1. 1. 1. 1. 0.
1.
1. 1. 1. 1. 1. 0. 1. 0.
1. 0. 1. 1. 0.
   122395
1. 1. 1. 1. 1. 1. 0. 1. 1. 1.
1. 1. 1. 0. 1. 1. 0. 1. 1. 1.
1. 1. 1. 1. 1. 1. 1. 1. 1. 1.
1. 1. 1. 1. 1. 1. 1. 1. 1. 1.
1.
1. 0. 1. 0. 0. 0. 0. 0. 0. 0.
0. 1. 0. 0. 1. 0. 0. 0. 0. 0.
0. 0. 0. 0. 0. 0. 1. 0. 0.
1. 1. 1. 1. 1. 1. 1. 1. 1. 1.
1. 1. 1. 1. 1. 1. 1. 1. 1. 1.
1. 1. 1. 1. 1. 1. 1. 1. 1. 1.
1.
1. 1. 1. 1. 1. 1. 1. 0.
1. 1. 1. 1. 0.
   122483
1. 1. 1. 1. 1. 1. 0. 1. 1. 1.
1. 1. 1. 0. 1. 1. 0. 1. 1. 1.
1. 1. 1. 1. 1. 1. 1. 1. 1. 1.
1. 1. 1. 1. 1. 1. 1. 1. 1. 1.
1.
1. 0. 1. 0. 0. 0. 0. 0. 0. 0.
0. 1. 0. 0. 1. 0. 0. 0. 0. 0.
0. 0. 0. 0. 0. 0. 1. 0. 0.
1. 1. 1. 1. 1. 1. 1. 1. 1. 1.
1. 1. 1. 1. 1. 1. 1. 1. 1. 1.
1. 1. 1. 1. 1. 1. 1. 1. 1. 0.
1.
1. 1. 1. 1. 1. 1. 1. 0.
1. 1. 1. 1. 0.
   122504
1. 1. 1. 1. 1. 1. 0. 1. 1. 1.
1. 1. 1. 0. 1. 1. 0. 1. 1. 1.
1. 1. 1. 1. 1. 1. 1. 1. 1. 1.
1. 1. 1. 1. 1. 1. 1. 1. 1. 1.
1.
1. 0. 1. 0. 0. 0. 0. 0. 0. 0.
0. 1. 0. 0. 1. 0. 0. 0. 0. 0.
0. 0. 0. 0. 0. 0. 1. 0. 0.
1. 1. 1. 1. 1. 1. 1. 1. 1. 1.
1. 1. 1. 1. 1. 1. 1. 1. 1. 1.
0. 1. 1. 1. 1. 1. 1. 1. 1. 0.
1.
1. 1. 1. 1. 1. 1. 1. 0.
1. 1. 1. 1. 0.
   122526
1. 1. 1. 1. 1. 1. 0. 1. 1. 1.
1. 1. 1. 0. 1. 1. 0. 1. 1. 1.
1. 0. 1. 1. 1. 1. 1. 1. 1. 1.
1. 1. 1. 1. 1. 1. 1. 1. 1. 1.
1.
1. 0. 1. 0. 0. 0. 0. 0. 0. 0.
0. 1. 0. 0. 1. 0. 0. 0. 0. 0.
0. 0. 0. 0. 0. 0. 1. 0. 0.
1. 1. 1. 1. 1. 1. 1. 1. 1. 1.
1. 1. 1. 1. 1. 1. 1. 1. 1. 1.
0. 1. 1. 1. 1. 1. 1. 1. 1. 0.
1.
1. 1. 1. 1. 1. 1. 1. 0.
1. 1. 1. 1. 0.
   123096
1. 1. 1. 1. 1. 1. 0. 1. 1. 1.
1. 1. 1. 0. 1. 1. 0. 1. 1. 1.
1. 0. 1. 1. 1. 1. 1. 1. 1. 1.
1. 1. 1. 1. 1. 1. 1. 1. 1. 1.
1.
1. 0. 1. 0. 0. 0. 0. 0. 0. 0.
0. 1. 0. 0. 1. 0. 0. 0. 0. 0.
0. 0. 0. 0. 0. 0. 1. 0. 0.
1. 1. 1. 1. 1. 1. 1. 1. 1. 1.
1. 1. 1. 1. 1. 1. 1. 1. 1. 1.
0. 1. 1. 1. 1. 1. 1. 1. 1. 0.
1.
1. 1. 1. 1. 1. 1. 1. 0.
1. 1. 1. 0. 0.
   123212
1. 1. 1. 1. 1. 1. 0. 1. 1. 1.
1. 1. 1. 0. 1. 1. 0. 1. 1. 1.
1. 0. 1. 1. 1. 1. 1. 1. 1. 0.
1. 1. 1. 1. 1. 1. 1. 1. 1. 1.
1.
1. 0. 1. 0. 0. 0. 0. 0. 0. 0.
0. 1. 0. 0. 1. 0. 0. 0. 0. 0.
0. 0. 0. 0. 0. 0. 1. 0. 0.
1. 1. 1. 1. 1. 1. 1. 1. 1. 1.
1. 1. 1. 1. 1. 1. 1. 1. 1. 1.
0. 1. 1. 1. 1. 1. 1. 1. 1. 0.
1.
1. 1. 1. 1. 1. 1. 1. 0.
1. 1. 1. 0. 0.
   124400
1. 1. 1. 1. 1. 1. 0. 1. 1. 1.
1. 1. 1. 0. 1. 1. 0. 1. 1. 1.
1. 0. 1. 1. 1. 1. 1. 1. 1. 0.
1. 1. 1. 1. 1. 1. 1. 1. 1. 1.
1.
0. 0. 0. 0. 0. 0. 0. 0. 0. 0.
0. 0. 0. 0. 0. 0. 0. 0. 0. 0.
0. 0. 0. 0. 0. 0. 0. 0. 0.
1. 1. 1. 1. 1. 1. 1. 1. 0. 1.
1. 1. 1. 1. 1. 1. 1. 1. 1. 1.
0. 1. 1. 1. 1. 1. 1. 1. 1. 0.
1.
1. 1. 1. 1. 1. 1. 1. 0.
1. 1. 1. 0. 0.
   124985
1. 1. 1. 1. 1. 1. 0. 1. 1. 1.
1. 1. 1. 0. 1. 1. 0. 1. 1. 1.
1. 0. 1. 1. 1. 1. 1. 1. 1. 0.
1. 1. 1. 1. 1. 1. 1. 1. 1. 1.
1. 1. 1. 1.
0. 0. 0. 0. 0. 0. 0. 0. 0. 0.
0. 0. 0. 0. 0. 0. 0. 0. 0. 0.
0. 0. 0. 0. 0. 0. 0. 0. 0.
1. 1. 1. 1. 1. 1. 1. 1. 0. 1.
1. 1. 1. 1. 1. 1. 1. 1. 1. 1.
0. 1. 1. 1. 1. 1. 1. 1. 1. 0.
1.
1. 1. 1. 1. 1. 1. 1. 0.
1. 1. 1. 0. 0. 1. 1. 1.
   125070
1. 1. 1. 1. 1. 1. 0. 1. 1. 1.
1. 1. 1. 0. 1. 1. 0. 1. 1. 1.
1. 0. 1. 1. 1. 1. 1. 1. 1. 0.
1. 1. 1. 1. 1. 1. 1. 1. 1. 1.
1. 1. 1. 1.
0. 0. 0. 0. 0. 0. 0. 0. 0. 0.
0. 0. 0. 0. 0. 0. 0. 0. 0. 0.
0. 0. 0. 0. 0. 0. 0. 0. 0.
1. 1. 0. 1. 1. 1. 1. 1. 0. 1.
1. 1. 1. 1. 1. 1. 1. 1. 1. 1.
0. 1. 1. 1. 1. 1. 1. 1. 1. 0.
1.
1. 1. 1. 1. 1. 1. 1. 0.
1. 1. 1. 0. 0. 1. 1. 1.
   125131
1. 1. 1. 1. 1. 1. 0. 1. 1. 1.
1. 1. 1. 0. 1. 1. 0. 1. 1. 1.
1. 0. 1. 1. 1. 1. 1. 1. 1. 0.
0. 1. 1. 1. 1. 1. 1. 1. 1. 1.
1. 1. 1. 1.
0. 0. 0. 0. 0. 0. 0. 0. 0. 0.
0. 0. 0. 0. 0. 0. 0. 0. 0. 0.
0. 0. 0. 0. 0. 0. 0. 0. 0.
1. 1. 0. 1. 1. 1. 1. 1. 0. 1.
1. 1. 1. 1. 1. 1. 1. 1. 1. 1.
0. 1. 1. 1. 1. 1. 1. 1. 1. 0.
1.
1. 1. 1. 1. 1. 1. 1. 0.
1. 1. 1. 0. 0. 1. 1. 1.
   126444
1. 1. 1. 1. 1. 1. 0. 1. 0. 1.
1. 1. 1. 0. 1. 1. 0. 1. 1. 1.
1. 0. 1. 1. 1. 1. 1. 1. 1. 0.
0. 1. 1. 1. 1. 1. 1. 1. 1. 1.
1. 1. 1. 1.
0. 0. 0. 0. 0. 0. 0. 0. 0. 0.
0. 0. 0. 0. 0. 0. 0. 0. 0. 0.
0. 0. 0. 0. 0. 0. 0. 0. 0.
1. 1. 0. 1. 1. 1. 1. 1. 0. 1.
1. 1. 1. 1. 1. 1. 1. 1. 1. 1.
0. 1. 1. 1. 1. 1. 1. 1. 1. 0.
1.
1. 1. 1. 1. 1. 1. 1. 0.
1. 1. 1. 0. 0. 1. 1. 1.
   126878
1. 1. 1. 1. 1. 1. 0. 1. 0. 1.
1. 1. 1. 0. 1. 1. 0. 1. 1. 1.
1. 0. 1. 1. 1. 1. 1. 1. 1. 0.
0. 1. 1. 1. 1. 1. 1. 1. 1. 1.
1. 1. 1. 1.
0. 0. 0. 0. 0. 0. 0. 0. 0. 0.
0. 0. 0. 0. 0. 0. 0. 0. 0. 0.
0. 0. 0. 0. 0. 0. 0. 0. 0.
1. 1. 0. 1. 1. 1. 1. 1. 0. 0.
1. 1. 1. 1. 1. 1. 1. 1. 1. 1.
0. 1. 1. 1. 1. 1. 1. 1. 1. 0.
1.
1. 1. 1. 1. 1. 1. 1. 0.
1. 1. 1. 0. 0. 1. 1. 1.
   127600
1. 1. 1. 1. 1. 1. 0. 1. 0. 1.
1. 1. 1. 0. 1. 1. 0. 1. 1. 1.
1. 0. 1. 1. 1. 1. 1. 1. 1. 0.
0. 1. 1. 1. 1. 1. 1. 1. 1. 1.
1. 0. 1. 1.
0. 0. 0. 0. 0. 0. 0. 0. 0. 0.
0. 0. 0. 0. 0. 0. 0. 0. 0. 0.
0. 0. 0. 0. 0. 0. 0. 0. 0.
1. 1. 0. 1. 1. 1. 1. 1. 0. 0.
1. 1. 1. 1. 1. 1. 1. 1. 1. 1.
0. 1. 1. 1. 1. 1. 1. 1. 1. 0.
1.
1. 1. 1. 1. 1. 1. 1. 0.
1. 1. 1. 0. 0. 1. 1. 1.
   127851
1. 1. 1. 1. 1. 1. 0. 1. 1. 1.
1. 1. 1. 0. 1. 1. 1. 1. 1. 1.
1. 1. 1. 1. 1. 1. 1. 1. 1. 1.
0. 1. 1. 1. 1. 1. 1. 1. 1. 1.
1. 1. 1. 1.
1. 0. 1. 0. 0. 0. 0. 0. 0. 0.
0. 0. 0. 0. 1. 0. 0. 0. 0. 0.
0. 0. 0. 0. 0. 0. 0. 0. 0.
1. 1. 0. 1. 1. 1. 1. 1. 1. 0.
1. 1. 1. 1. 1. 1. 1. 1. 1. 1.
1. 1. 1. 1. 1. 1. 1. 1. 1. 1.
1.
1. 1. 1. 1. 1. 1. 1. 0.
1. 1. 1. 1. 0. 1. 1. 1.
   127965
1. 1. 1. 1. 1. 1. 0. 1. 1. 1.
1. 1. 1. 0. 1. 1. 1. 1. 1. 1.
1. 1. 1. 1. 1. 1. 1. 1. 1. 1.
0. 1. 1. 1. 1. 1. 1. 1. 1. 1.
1. 1. 1. 1.
1. 0. 1. 0. 0. 0. 0. 0. 0. 0.
0. 0. 0. 0. 1. 0. 0. 0. 0. 0.
0. 0. 0. 0. 0. 0. 0. 0. 0.
1. 1. 0. 1. 1. 1. 1. 1. 1. 0.
1. 1. 1. 1. 1. 1. 1. 1. 1. 1.
1. 1. 1. 1. 1. 1. 1. 1. 1. 1.
1.
1. 1. 1. 1. 1. 1. 1. 1.
1. 1. 1. 1. 0. 1. 1. 1.
   128160
1. 1. 1. 1. 1. 1. 0. 1. 1. 1.
1. 1. 1. 0. 1. 1. 1. 1. 1. 1.
1. 1. 1. 1. 1. 1. 1. 1. 1. 1.
0. 1. 1. 1. 1. 1. 1. 1. 1. 1.
1. 1. 1. 1.
1. 0. 1. 0. 0. 0. 0. 0. 0. 0.
0. 0. 0. 0. 1. 0. 0. 0. 0. 0.
0. 0. 0. 0. 0. 0. 0. 0. 0.
1. 1. 0. 1. 1. 1. 1. 1. 0. 0.
1. 1. 1. 1. 1. 1. 1. 1. 1. 1.
1. 1. 1. 1. 1. 1. 1. 1. 1. 1.
1.
1. 1. 1. 1. 1. 1. 1. 1.
1. 1. 1. 1. 0. 1. 1. 1.
   128850
1. 1. 1. 1. 1. 1. 0. 1. 1. 1.
1. 1. 1. 0. 1. 1. 1. 1. 1. 1.
1. 1. 1. 1. 1. 1. 1. 1. 1. 1.
0. 1. 1. 1. 1. 1. 1. 1. 1. 1.
1. 1. 1. 1.
1. 0. 1. 0. 0. 0. 0. 0. 0. 0.
0. 0. 0. 0. 1. 0. 0. 0. 0. 0.
0. 0. 0. 0. 0. 0. 0. 0. 0.
0. 1. 0. 1. 1. 1. 1. 1. 0. 0.
1. 1. 0. 1. 1. 1. 1. 0. 1. 0.
1. 1. 1. 1. 1. 1. 1. 1. 1. 1.
1.
1. 1. 1. 1. 1. 1. 1. 1.
1. 1. 1. 1. 0. 1. 1. 1.
   129525
1. 1. 1. 1. 1. 1. 0. 1. 1. 1.
1. 1. 1. 0. 1. 1. 1. 1. 1. 1.
1. 1. 1. 1. 1. 1. 1. 1. 1. 1.
0. 1. 1. 1. 1. 1. 1. 1. 1. 1.
1. 1. 1. 1.
1. 0. 1. 0. 0. 0. 0. 0. 0. 0.
0. 0. 0. 0. 1. 0. 0. 0. 0. 0.
0. 0. 0. 0. 0. 0. 0. 0. 0.
0. 1. 0. 1. 1. 1. 1. 1. 0. 0.
1. 0. 0. 1. 1. 1. 1. 0. 1. 0.
1. 1. 1. 1. 1. 1. 1. 1. 1. 1.
1.
1. 1. 1. 1. 1. 1. 1. 1.
1. 1. 1. 1. 0. 1. 1. 1.
   130670
1. 1. 1. 1. 1. 1. 0. 1. 1. 1.
1. 1. 1. 1. 1. 1. 1. 1. 1. 1.
1. 1. 1. 1. 1. 1. 1. 1. 1. 1.
0. 1. 1. 1. 1. 1. 1. 1. 1. 1.
1. 1. 1. 1.
1. 0. 1. 0. 0. 0. 0. 0. 0. 0.
0. 0. 0. 0. 1. 0. 0. 0. 0. 0.
0. 0. 0. 0. 0. 0. 1. 0. 0.
1. 1. 0. 1. 1. 1. 1. 1. 0. 0.
1. 1. 1. 1. 1. 1. 1. 1. 1. 1.
1. 1. 1. 1. 0. 1. 1. 1. 1. 1.
1.
1. 1. 1. 1. 1. 1. 1. 1.
1. 1. 1. 1. 0. 1. 1. 1.
   131490
1. 1. 1. 1. 1. 1. 0. 1. 1. 1.
1. 1. 1. 1. 1. 1. 1. 1. 1. 1.
1. 1. 1. 1. 1. 1. 1. 1. 1. 1.
0. 1. 1. 1. 1. 1. 1. 1. 1. 1.
1. 1. 1. 1.
1. 0. 1. 0. 0. 0. 0. 0. 0. 0.
0. 0. 0. 0. 1. 0. 0. 0. 0. 0.
0. 0. 0. 0. 0. 0. 1. 0. 0.
1. 1. 0. 1. 1. 1. 1. 1. 0. 0.
1. 0. 1. 1. 1. 1. 1. 1. 1. 1.
1. 1. 1. 1. 0. 1. 1. 1. 1. 1.
1.
1. 1. 1. 1. 1. 1. 1. 1.
1. 1. 1. 1. 0. 1. 1. 1.
   132185
1. 1. 1. 1. 1. 1. 0. 1. 1. 1.
1. 1. 1. 1. 1. 1. 1. 1. 1. 1.
1. 1. 1. 1. 1. 1. 1. 1. 1. 1.
0. 1. 1. 1. 1. 1. 1. 1. 1. 1.
1. 1. 1. 1.
1. 0. 1. 0. 0. 0. 0. 0. 0. 0.
0. 1. 0. 0. 1. 0. 1. 0. 0. 0.
0. 0. 0. 0. 0. 0. 1. 0. 0.
1. 1. 1. 1. 1. 1. 1. 1. 1. 1.
1. 0. 1. 1. 1. 1. 1. 1. 1. 1.
1. 1. 1. 1. 0. 1. 1. 1. 1. 1.
1.
1. 1. 1. 1. 1. 1. 1. 1.
1. 1. 1. 1. 0. 1. 1. 1.
   132966
1. 1. 1. 1. 1. 1. 0. 1. 1. 1.
1. 1. 1. 1. 1. 1. 1. 1. 1. 1.
1. 1. 1. 1. 1. 1. 1. 1. 1. 1.
0. 1. 1. 1. 1. 1. 1. 1. 1. 1.
1. 1. 0. 1.
1. 0. 1. 0. 0. 0. 0. 0. 0. 0.
0. 1. 0. 0. 1. 0. 1. 0. 0. 0.
0. 0. 0. 0. 0. 0. 1. 0. 0.
1. 1. 1. 1. 1. 1. 1. 1. 1. 1.
1. 0. 1. 1. 1. 1. 1. 1. 1. 1.
1. 1. 1. 1. 0. 1. 1. 1. 1. 1.
1.
1. 1. 1. 1. 1. 1. 1. 1.
1. 1. 1. 1. 0. 1. 1. 1.
   133109
1. 1. 1. 1. 1. 1. 0. 1. 1. 1.
1. 1. 1. 1. 1. 1. 1. 1. 1. 1.
1. 1. 1. 1. 1. 1. 1. 1. 1. 1.
0. 1. 1. 1. 1. 1. 1. 1. 1. 1.
1. 1. 0. 1.
1. 0. 1. 0. 0. 0. 0. 0. 0. 0.
0. 1. 0. 0. 1. 0. 1. 0. 0. 0.
0. 0. 0. 0. 0. 0. 1. 0. 0.
1. 1. 1. 1. 1. 1. 1. 1. 1. 1.
1. 0. 1. 1. 1. 1. 1. 1. 1. 1.
1. 1. 1. 1. 0. 1. 1. 1. 1. 1.
1.
1. 1. 1. 1. 1. 1. 1. 1.
1. 0. 1. 1. 0. 1. 1. 1.
   133299
1. 1. 1. 1. 1. 1. 0. 1. 1. 1.
1. 1. 1. 1. 1. 1. 1. 1. 1. 1.
1. 1. 1. 1. 1. 1. 1. 1. 1. 1.
0. 1. 1. 1. 1. 1. 1. 1. 1. 1.
1. 1. 1. 1.
1. 0. 1. 0. 0. 0. 0. 0. 0. 0.
0. 1. 0. 0. 1. 0. 1. 0. 0. 0.
0. 0. 0. 0. 0. 0. 1. 0. 0.
1. 1. 1. 1. 1. 1. 1. 1. 1. 1.
1. 0. 1. 1. 1. 1. 1. 1. 1. 1.
1. 1. 1. 1. 0. 1. 1. 1. 1. 1.
1.
1. 1. 1. 1. 1. 1. 1. 1.
1. 0. 1. 1. 0. 1. 1. 1.
   135595
1. 1. 1. 1. 1. 1. 0. 1. 1. 1.
1. 1. 1. 1. 1. 1. 1. 1. 1. 1.
1. 1. 1. 1. 1. 1. 1. 1. 1. 1.
0. 1. 1. 1. 1. 1. 1. 1. 1. 1.
1. 1. 1. 1.
1. 0. 1. 0. 0. 0. 0. 0. 0. 0.
0. 1. 0. 0. 1. 0. 1. 0. 0. 0.
0. 0. 0. 0. 0. 0. 1. 0. 0.
1. 1. 1. 1. 1. 1. 1. 1. 1. 1.
1. 0. 1. 1. 1. 1. 1. 1. 1. 1.
1. 1. 1. 1. 0. 1. 1. 1. 1. 1.
1.
1. 1. 1. 0. 1. 1. 1. 1.
1. 0. 1. 1. 0. 1. 1. 1.
   143700
1. 1. 1. 1. 1. 1. 0. 1. 1. 1.
1. 1. 1. 1. 1. 1. 1. 1. 1. 1.
1. 1. 1. 1. 1. 1. 1. 1. 1. 1.
0. 1. 1. 1. 1. 1. 1. 1. 1. 1.
1. 0. 1. 1.
1. 0. 1. 0. 0. 0. 0. 0. 0. 0.
0. 1. 0. 0. 1. 0. 1. 0. 0. 0.
0. 0. 0. 0. 0. 0. 1. 0. 0.
1. 1. 1. 1. 1. 1. 1. 1. 1. 1.
1. 0. 1. 1. 1. 1. 1. 1. 1. 1.
1. 1. 1. 1. 0. 1. 1. 1. 1. 1.
1.
1. 1. 1. 0. 1. 1. 1. 1.
1. 0. 1. 1. 0. 1. 1. 1.
   144500
1. 1. 1. 1. 1. 1. 0. 1. 1. 1.
1. 1. 1. 1. 1. 1. 1. 1. 1. 0.
0. 0. 0. 0. 0. 1. 0. 1. 0. 0.
0. 0. 0. 0. 0. 1. 0. 1. 0. 1.
1. 0. 1. 1.
1. 0. 1. 0. 0. 0. 0. 0. 0. 0.
0. 1. 0. 0. 1. 0. 1. 0. 0. 0.
0. 0. 0. 0. 0. 0. 1. 0. 0.
1. 1. 1. 1. 1. 1. 1. 1. 1. 1.
1. 0. 1. 1. 1. 1. 1. 1. 1. 1.
1. 1. 1. 1. 0. 1. 1. 1. 1. 1.
1.
1. 1. 1. 0. 1. 1. 1. 1.
1. 0. 1. 1. 0. 1. 1. 1.
   144600
1. 1. 1. 1. 1. 1. 0. 1. 1. 1.
1. 1. 1. 1. 1. 1. 1. 1. 1. 1.
1. 1. 1. 1. 1. 1. 1. 1. 1. 1.
0. 1. 1. 1. 1. 1. 1. 1. 1. 1.
1. 0. 1. 1.
1. 0. 1. 0. 0. 0. 0. 0. 0. 0.
0. 1. 0. 0. 1. 0. 1. 0. 0. 0.
0. 0. 0. 0. 0. 0. 1. 0. 0.
1. 1. 1. 1. 1. 1. 1. 1. 1. 1.
1. 0. 1. 1. 1. 1. 1. 1. 1. 1.
1. 1. 1. 1. 0. 1. 1. 1. 1. 1.
1.
1. 1. 1. 0. 1. 1. 1. 1.
1. 0. 1. 1. 0. 1. 1. 1.
   152165
1. 1. 1. 1. 1. 1. 0. 1. 1. 1.
1. 1. 1. 1. 1. 1. 1. 1. 1. 1.
1. 1. 1. 1. 1. 1. 1. 1. 1. 1.
0. 1. 1. 1. 1. 1. 1. 1. 1. 1.
1. 0. 1. 1.
1. 0. 1. 0. 0. 0. 0. 0. 0. 0.
0. 1. 0. 0. 1. 0. 1. 0. 0. 0.
0. 0. 0. 0. 0. 0. 0. 0. 0.
1. 1. 1. 1. 1. 1. 1. 1. 1. 1.
1. 0. 1. 1. 1. 1. 1. 1. 1. 1.
1. 1. 1. 1. 0. 1. 1. 1. 1. 1.
1.
1. 0. 1. 0. 0. 1. 1. 1.
0. 0. 1. 1. 0. 0. 1. 0.
   154243
1. 1. 1. 1. 1. 1. 0. 1. 1. 1.
1. 1. 1. 1. 1. 1. 1. 1. 1. 1.
1. 1. 1. 1. 1. 1. 1. 1. 1. 1.
0. 1. 1. 1. 1. 1. 1. 0. 1. 1.
1. 0. 1. 1.
1. 0. 1. 0. 0. 0. 0. 0. 0. 0.
0. 1. 0. 0. 1. 0. 1. 0. 0. 0.
0. 0. 0. 0. 0. 0. 0. 0. 0.
1. 1. 1. 1. 1. 1. 1. 1. 1. 1.
1. 0. 1. 1. 1. 1. 1. 1. 1. 1.
1. 1. 1. 1. 0. 1. 1. 1. 1. 1.
1.
1. 0. 1. 0. 0. 1. 1. 1.
0. 0. 1. 1. 0. 0. 1. 0.
   154682
1. 1. 0. 1. 1. 1. 0. 1. 1. 1.
1. 1. 1. 1. 1. 1. 1. 1. 1. 1.
1. 1. 1. 1. 1. 1. 1. 1. 1. 1.
0. 1. 1. 1. 1. 1. 1. 0. 1. 1.
1. 0. 1. 1.
1. 0. 1. 0. 0. 0. 0. 0. 0. 0.
0. 1. 0. 0. 1. 0. 1. 0. 0. 0.
0. 0. 0. 0. 0. 0. 0. 0. 0.
1. 1. 1. 1. 1. 1. 1. 1. 1. 1.
1. 0. 1. 1. 1. 1. 1. 1. 1. 1.
1. 1. 1. 1. 0. 1. 1. 1. 1. 1.
1.
1. 0. 1. 0. 0. 1. 1. 1.
0. 0. 1. 1. 0. 0. 1. 0.
   162000
1. 1. 1. 1. 1. 1. 0. 1. 1. 1.
1. 1. 1. 1. 1. 1. 1. 1. 1. 1.
1. 1. 1. 1. 1. 1. 1. 1. 1. 1.
0. 1. 1. 1. 1. 1. 1. 0. 1. 1.
1. 1. 1. 1.
1. 1. 1. 1. 1. 1. 1. 1. 1. 1.
1. 1. 1. 1. 1. 1. 1. 1. 1. 1.
1. 1. 1. 1. 1. 1. 1. 1. 1.
1. 1. 1. 1. 1. 1. 1. 1. 1. 1.
1. 0. 1. 1. 1. 1. 1. 1. 1. 1.
1. 1. 1. 1. 0. 1. 1. 1. 1. 1.
1.
1. 1. 1. 0. 1. 1. 1. 1.
1. 0. 1. 1. 0. 1. 1. 1.
   162438
1. 1. 1. 1. 1. 1. 0. 1. 1. 1.
1. 1. 1. 1. 1. 1. 1. 1. 1. 1.
1. 1. 1. 1. 1. 1. 1. 1. 1. 1.
0. 1. 1. 1. 1. 1. 1. 0. 1. 1.
1. 1. 1. 1.
1. 1. 1. 1. 1. 1. 1. 0. 0. 1.
1. 1. 1. 1. 1. 1. 1. 1. 1. 1.
1. 0. 1. 1. 1. 1. 1. 1. 1.
1. 1. 1. 1. 1. 1. 1. 1. 1. 1.
1. 0. 1. 1. 1. 1. 1. 1. 1. 1.
1. 1. 1. 1. 0. 1. 1. 1. 1. 1.
1.
1. 1. 1. 0. 1. 1. 1. 1.
1. 0. 1. 1. 0. 1. 1. 1.
   162773
1. 1. 1. 1. 1. 1. 0. 1. 1. 1.
1. 1. 1. 1. 1. 1. 1. 1. 1. 1.
1. 1. 1. 1. 1. 1. 1. 1. 1. 1.
0. 1. 1. 1. 1. 1. 1. 0. 1. 1.
1. 1. 1. 1.
1. 1. 1. 1. 1. 1. 1. 0. 0. 1.
1. 1. 1. 1. 1. 0. 1. 1. 1. 1.
1. 0. 1. 1. 1. 1. 1. 1. 1.
1. 1. 1. 1. 1. 1. 1. 1. 1. 1.
1. 0. 1. 1. 1. 1. 1. 1. 1. 1.
1. 1. 1. 1. 0. 1. 1. 1. 1. 1.
1.
1. 1. 1. 0. 1. 1. 1. 1.
1. 0. 1. 1. 0. 1. 1. 1.
   164750
1. 1. 1. 1. 1. 1. 0. 1. 1. 1.
1. 1. 1. 1. 1. 1. 1. 1. 1. 1.
1. 1. 1. 1. 1. 1. 1. 1. 1. 1.
0. 1. 1. 1. 1. 1. 1. 0. 1. 1.
1. 1. 1. 1.
1. 1. 1. 1. 1. 1. 1. 0. 0. 1.
1. 1. 1. 1. 1. 0. 1. 1. 1. 1.
1. 0. 0. 1. 1. 1. 1. 1. 1.
1. 1. 1. 1. 1. 1. 1. 1. 1. 1.
1. 0. 1. 1. 1. 1. 1. 1. 1. 1.
1. 1. 1. 1. 0. 1. 1. 1. 1. 1.
1.
1. 1. 1. 0. 1. 1. 1. 1.
1. 0. 1. 1. 0. 1. 1. 1.
   165876
1. 1. 1. 1. 1. 1. 0. 1. 1. 1.
1. 1. 1. 1. 1. 1. 1. 1. 1. 1.
1. 1. 1. 1. 1. 1. 1. 1. 1. 1.
0. 1. 1. 1. 1. 1. 1. 0. 1. 1.
1. 1. 0. 0.
1. 1. 1. 1. 1. 1. 1. 0. 0. 1.
1. 1. 1. 1. 1. 0. 1. 1. 1. 1.
1. 0. 0. 1. 1. 1. 1. 1. 1.
1. 1. 1. 1. 1. 1. 1. 1. 1. 1.
1. 0. 1. 1. 1. 1. 1. 1. 1. 1.
1. 1. 1. 1. 0. 1. 1. 1. 1. 1.
1.
1. 1. 1. 0. 1. 1. 1. 1.
1. 0. 1. 1. 0. 1. 1. 1.
   166333
1. 1. 1. 1. 1. 1. 0. 1. 1. 1.
1. 1. 1. 1. 1. 1. 1. 1. 1. 1.
1. 1. 1. 1. 1. 1. 1. 1. 1. 1.
0. 1. 1. 1. 1. 1. 1. 0. 1. 1.
1. 1. 0. 0.
1. 1. 1. 1. 1. 1. 1. 0. 0. 1.
1. 1. 1. 1. 1. 0. 1. 1. 1. 1.
1. 0. 0. 1. 1. 1. 1. 1. 1.
1. 1. 1. 1. 1. 1. 1. 1. 1. 1.
1. 0. 1. 1. 1. 1. 1. 1. 1. 1.
1. 1. 1. 1. 0. 1. 1. 1. 1. 1.
1.
1. 1. 1. 0. 1. 1. 0. 1.
1. 0. 1. 1. 0. 1. 1. 1.
   167050
1. 1. 1. 1. 1. 1. 0. 1. 1. 1.
1. 1. 1. 1. 1. 1. 1. 1. 1. 1.
1. 1. 1. 1. 1. 1. 1. 1. 1. 1.
0. 1. 1. 1. 1. 1. 1. 0. 1. 1.
1. 0. 0. 0.
1. 1. 1. 1. 1. 1. 1. 0. 0. 1.
1. 1. 1. 1. 1. 0. 1. 1. 1. 1.
1. 0. 0. 1. 1. 1. 0. 1. 1.
1. 1. 1. 1. 1. 1. 1. 1. 1. 0.
1. 0. 1. 1. 1. 1. 1. 1. 1. 1.
1. 1. 1. 1. 0. 1. 1. 1. 1. 1.
1.
1. 1. 1. 0. 1. 1. 0. 1.
1. 0. 1. 1. 0. 1. 1. 1.
   167128
1. 1. 1. 1. 1. 1. 0. 1. 1. 1.
1. 1. 1. 1. 1. 1. 1. 1. 1. 1.
1. 1. 1. 1. 1. 1. 1. 1. 1. 1.
1. 1. 1. 1. 1. 1. 1. 0. 1. 1.
1. 0. 0. 0.
1. 1. 1. 1. 1. 1. 1. 1. 1. 1.
1. 1. 1. 1. 1. 1. 1. 1. 1. 1.
1. 0. 0. 1. 1. 1. 1. 1. 1.
1. 1. 1. 1. 1. 1. 1. 1. 1. 0.
1. 1. 1. 1. 1. 1. 1. 1. 1. 1.
1. 1. 1. 1. 1. 1. 1. 1. 1. 1.
1.
1. 1. 1. 1. 1. 1. 0. 1.
1. 1. 1. 1. 0. 1. 1. 1.
   167145
1. 1. 1. 1. 1. 1. 0. 1. 1. 1.
1. 1. 1. 1. 1. 1. 1. 1. 1. 1.
1. 1. 1. 1. 1. 1. 1. 1. 1. 1.
1. 1. 1. 1. 1. 1. 1. 0. 1. 1.
1. 0. 0. 0.
1. 1. 1. 1. 1. 1. 1. 1. 1. 1.
1. 1. 1. 1. 1. 1. 1. 1. 1. 1.
1. 0. 0. 1. 1. 1. 1. 1. 1.
1. 1. 1. 1. 1. 1. 1. 1. 1. 1.
1. 1. 1. 1. 1. 1. 1. 1. 1. 1.
1. 1. 1. 1. 1. 1. 1. 1. 1. 1.
1.
1. 1. 1. 1. 1. 1. 0. 1.
1. 1. 1. 1. 0. 1. 1. 1.
   167188
1. 1. 1. 1. 1. 1. 0. 1. 1. 1.
1. 1. 1. 1. 1. 1. 1. 1. 1. 1.
1. 1. 1. 1. 1. 1. 1. 1. 1. 1.
1. 1. 1. 1. 1. 1. 1. 0. 1. 1.
1. 0. 0. 0.
1. 1. 1. 1. 1. 1. 1. 0. 1. 1.
1. 1. 1. 1. 1. 1. 1. 1. 1. 1.
1. 0. 0. 1. 1. 1. 1. 1. 1.
1. 1. 1. 1. 1. 1. 1. 1. 1. 1.
1. 1. 1. 1. 1. 1. 1. 1. 1. 1.
1. 1. 1. 1. 1. 1. 1. 1. 1. 1.
1.
1. 1. 1. 1. 1. 1. 0. 1.
1. 1. 1. 1. 0. 1. 1. 1.
   168457
1. 1. 1. 1. 1. 1. 0. 1. 1. 1.
1. 1. 1. 1. 1. 1. 1. 1. 1. 1.
1. 1. 1. 1. 1. 1. 1. 1. 1. 1.
1. 1. 1. 1. 1. 1. 1. 0. 1. 1.
1. 1. 1. 1.
1. 1. 1. 1. 1. 1. 1. 0. 1. 1.
1. 1. 1. 1. 1. 1. 1. 1. 1. 1.
1. 0. 0. 1. 1. 1. 1. 1. 1.
1. 1. 1. 1. 1. 1. 1. 1. 1. 1.
1. 1. 1. 1. 1. 1. 1. 1. 1. 1.
1. 1. 1. 1. 1. 1. 1. 1. 1. 1.
1.
0. 1. 1. 1. 1. 1. 0. 1.
1. 1. 1. 1. 0. 1. 1. 1.
  169806
1. 1. 1. 1. 1. 1. 0. 1. 1. 1.
1. 0. 1. 1. 1. 1. 1. 1. 1. 1.
1. 1. 1. 1. 1. 1. 1. 1. 1. 1.
1. 1. 1. 1. 1. 1. 1. 0. 1. 1.
1. 1. 0. 1.
1. 1. 1. 1. 1. 1. 1. 0. 1. 1.
1. 1. 1. 1. 1. 1. 1. 1. 1. 1.
1. 0. 0. 1. 1. 1. 1. 1. 1.
1. 1. 1. 1. 1. 1. 1. 1. 1. 1.
1. 1. 1. 1. 1. 1. 1. 1. 1. 1.
1. 1. 1. 1. 1. 1. 1. 1. 1. 1.
1.
0. 1. 1. 1. 1. 1. 0. 1.
1. 1. 1. 1. 0. 1. 1. 1.
  170426
1. 1. 1. 1. 1. 1. 0. 1. 1. 1.
1. 0. 1. 1. 1. 1. 1. 1. 1. 1.
1. 1. 1. 1. 1. 1. 1. 1. 1. 1.
1. 1. 1. 1. 1. 1. 1. 0. 1. 1.
1. 1. 1. 1.
1. 1. 1. 1. 1. 1. 1. 0. 1. 1.
1. 1. 1. 1. 1. 1. 1. 1. 1. 1.
1. 0. 0. 1. 1. 1. 1. 1. 1.
1. 1. 1. 1. 1. 1. 1. 1. 1. 1.
1. 1. 1. 1. 1. 1. 1. 1. 1. 1.
1. 1. 1. 1. 1. 1. 1. 1. 1. 1.
1.
0. 1. 1. 1. 1. 1. 0. 1.
1. 1. 1. 1. 0. 1. 1. 1.
  170548
1. 1. 1. 1. 1. 1. 0. 1. 1. 1.
1. 1. 1. 1. 1. 1. 1. 1. 1. 1.
1. 0. 1. 1. 1. 1. 1. 1. 1. 1.
1. 1. 1. 1. 1. 1. 1. 0. 1. 1.
1. 1. 1. 1.
1. 1. 1. 1. 1. 1. 1. 0. 1. 1.
1. 1. 1. 1. 1. 1. 1. 1. 1. 1.
1. 0. 0. 1. 1. 1. 1. 1. 1.
1. 1. 1. 1. 1. 1. 1. 1. 1. 1.
1. 1. 1. 1. 1. 1. 1. 1. 1. 1.
1. 1. 1. 1. 1. 1. 1. 1. 1. 1.
1.
0. 1. 1. 1. 1. 1. 0. 1.
1. 1. 1. 1. 0. 1. 1. 1.
  172099
1. 1. 1. 1. 1. 1. 0. 1. 1. 1.
1. 1. 1. 1. 1. 1. 1. 1. 1. 1.
1. 0. 1. 1. 1. 1. 1. 1. 1. 1.
1. 1. 1. 1. 1. 1. 1. 0. 1. 1.
1. 1. 1. 1.
1. 1. 1. 1. 1. 1. 1. 0. 1. 1.
1. 1. 1. 1. 1. 1. 1. 1. 1. 1.
1. 0. 0. 1. 1. 1. 1. 1. 1.
1. 1. 1. 1. 1. 1. 1. 1. 1. 1.
1. 1. 1. 1. 1. 1. 1. 1. 1. 1.
1. 1. 1. 1. 1. 1. 1. 1. 1. 1.
1.
0. 1. 1. 1. 1. 1. 0. 1.
1. 1. 0. 1. 0. 1. 1. 1.  
  172492
1. 1. 1. 1. 1. 1. 0. 1. 1. 1.
1. 1. 1. 1. 1. 1. 1. 1. 1. 1.
1. 0. 1. 1. 1. 1. 1. 1. 1. 1.
1. 1. 1. 1. 1. 1. 1. 0. 1. 1.
1. 1. 1. 1.
1. 1. 1. 1. 1. 1. 1. 0. 1. 1.
0. 1. 1. 1. 1. 1. 1. 1. 1. 1.
1. 0. 0. 1. 1. 1. 1. 1. 1.
1. 1. 1. 1. 1. 1. 1. 1. 1. 1.
1. 1. 1. 1. 1. 1. 1. 1. 1. 1.
1. 1. 1. 1. 1. 1. 1. 1. 1. 1.
1.
0. 1. 1. 1. 1. 1. 0. 1.
1. 1. 0. 1. 0. 1. 1. 1.
  173026
1. 1. 1. 1. 1. 1. 0. 1. 1. 1.
1. 1. 1. 1. 1. 1. 1. 1. 1. 1.
1. 0. 1. 1. 1. 1. 1. 1. 1. 1.
1. 1. 1. 1. 1. 1. 1. 0. 1. 1.
1. 1. 1. 1.
1. 1. 1. 1. 1. 1. 1. 1. 1. 1.
0. 1. 1. 1. 1. 1. 1. 1. 1. 1.
1. 1. 0. 1. 1. 1. 1. 1. 1.
1. 1. 1. 1. 1. 1. 1. 1. 1. 1.
1. 1. 1. 1. 1. 1. 1. 1. 1. 1.
1. 1. 1. 1. 1. 1. 1. 1. 1. 1.
1.
1. 1. 1. 1. 1. 1. 0. 1.
1. 1. 0. 1. 0. 1. 1. 1.
  173052
1. 1. 1. 1. 1. 1. 0. 1. 1. 1.
1. 1. 1. 1. 1. 1. 1. 1. 1. 1.
1. 0. 1. 1. 1. 1. 1. 1. 1. 1.
1. 1. 1. 1. 1. 1. 1. 0. 1. 1.
1. 1. 1. 1.
1. 1. 1. 1. 1. 1. 1. 1. 1. 1.
0. 1. 1. 1. 1. 1. 1. 1. 1. 1.
1. 1. 0. 1. 1. 0. 1. 1. 1.
1. 1. 1. 1. 1. 1. 1. 1. 1. 1.
1. 1. 1. 1. 1. 1. 1. 1. 1. 1.
1. 1. 1. 1. 1. 1. 1. 1. 1. 1.
1.
1. 1. 1. 1. 1. 1. 0. 1.
1. 1. 0. 1. 0. 1. 1. 1.
  173136
1. 1. 1. 1. 1. 1. 0. 1. 1. 1.
1. 1. 1. 1. 1. 1. 1. 1. 1. 1.
1. 0. 1. 1. 1. 1. 1. 1. 1. 1.
1. 1. 1. 1. 1. 1. 1. 0. 1. 1.
1. 1. 1. 1.
1. 1. 1. 1. 1. 1. 1. 0. 1. 1.
0. 1. 1. 1. 1. 1. 1. 1. 1. 1.
1. 1. 0. 1. 1. 0. 1. 1. 1.
1. 1. 1. 1. 1. 1. 1. 1. 1. 1.
1. 1. 1. 1. 1. 1. 1. 1. 1. 1.
1. 1. 1. 1. 1. 1. 1. 1. 1. 1.
1.
1. 1. 1. 1. 1. 1. 0. 1.
1. 1. 0. 1. 0. 1. 1. 1.
  173176
1. 1. 1. 1. 1. 1. 0. 1. 1. 1.
1. 1. 1. 1. 1. 1. 1. 1. 1. 1.
1. 0. 1. 1. 1. 1. 1. 1. 1. 1.
1. 1. 1. 1. 1. 1. 1. 0. 1. 1.
1. 1. 1. 1.
1. 1. 1. 1. 1. 1. 1. 1. 1. 1.
0. 1. 1. 1. 1. 1. 1. 1. 1. 1.
1. 1. 0. 1. 1. 0. 1. 1. 1.
1. 1. 1. 1. 1. 1. 1. 1. 1. 1.
1. 1. 1. 1. 1. 1. 1. 1. 1. 1.
1. 1. 1. 1. 1. 1. 1. 1. 1. 1.
1.
1. 1. 1. 1. 1. 1. 0. 1.
1. 1. 0. 1. 0. 1. 1. 1.
  173522
1. 1. 1. 1. 1. 1. 0. 1. 1. 1.
1. 1. 1. 1. 1. 1. 1. 1. 1. 1.
1. 0. 1. 1. 1. 1. 1. 1. 1. 1.
1. 1. 1. 1. 1. 1. 1. 0. 1. 1.
1. 1. 0. 1.
1. 1. 1. 1. 1. 1. 1. 1. 1. 1.
0. 1. 1. 1. 1. 1. 1. 1. 1. 1.
1. 1. 0. 1. 1. 0. 1. 1. 1.
1. 1. 1. 1. 1. 1. 1. 1. 1. 1.
1. 1. 1. 1. 1. 1. 1. 1. 1. 1.
1. 1. 1. 1. 1. 1. 1. 1. 1. 1.
1.
1. 1. 1. 1. 1. 1. 0. 1.
1. 1. 0. 1. 0. 1. 1. 1.
  173713
1. 1. 1. 1. 1. 1. 0. 1. 1. 1.
1. 1. 1. 1. 1. 1. 1. 1. 1. 1.
1. 0. 1. 1. 1. 1. 1. 1. 1. 1.
1. 1. 1. 1. 1. 1. 1. 0. 1. 1.
1. 1. 1. 1.
1. 1. 1. 1. 1. 1. 1. 1. 1. 1.
0. 1. 1. 1. 1. 1. 1. 1. 1. 1.
0. 1. 0. 1. 1. 0. 1. 1. 1.
1. 1. 1. 1. 1. 1. 1. 1. 1. 1.
1. 1. 1. 1. 1. 1. 1. 1. 1. 1.
1. 1. 1. 1. 1. 1. 1. 1. 1. 1.
1.
1. 1. 1. 1. 1. 1. 0. 1.
1. 1. 0. 1. 0. 1. 1. 1.
  174100
1. 1. 1. 1. 1. 1. 0. 1. 1. 1.
1. 1. 1. 1. 1. 1. 1. 1. 1. 1.
1. 0. 1. 1. 1. 1. 1. 1. 1. 1.
1. 1. 1. 1. 1. 1. 1. 0. 1. 1.
1. 1. 1. 1.
1. 0. 1. 1. 1. 1. 1. 0. 1. 1.
0. 1. 1. 1. 1. 1. 1. 1. 1. 1.
0. 1. 0. 1. 1. 0. 1. 1. 1.
1. 1. 1. 1. 1. 1. 1. 1. 1. 1.
1. 1. 1. 1. 1. 1. 1. 1. 1. 1.
1. 1. 1. 1. 1. 1. 1. 1. 1. 1.
1.
1. 1. 1. 1. 1. 1. 0. 1.
1. 1. 0. 1. 0. 1. 1. 1.
  174124
1. 1. 1. 1. 1. 1. 0. 1. 1. 1.
1. 1. 1. 1. 1. 1. 1. 1. 1. 1.
1. 0. 1. 1. 1. 1. 1. 1. 1. 1.
1. 1. 1. 1. 1. 1. 1. 0. 1. 1.
1. 1. 0. 1.
1. 0. 1. 1. 1. 1. 1. 0. 1. 1.
0. 1. 1. 1. 1. 1. 1. 1. 1. 1.
0. 1. 0. 1. 1. 0. 1. 1. 1.
1. 1. 1. 1. 1. 1. 1. 1. 1. 1.
1. 1. 1. 1. 1. 1. 1. 1. 1. 1.
1. 1. 1. 1. 1. 1. 1. 1. 1. 1.
1.
1. 1. 1. 1. 1. 1. 0. 1.
1. 1. 0. 1. 0. 1. 1. 1.
  174990
1. 1. 1. 1. 1. 1. 0. 1. 1. 1.
1. 1. 1. 1. 1. 1. 1. 1. 1. 1.
1. 0. 1. 1. 1. 1. 1. 1. 1. 1.
1. 1. 1. 1. 1. 1. 1. 0. 1. 1.
1. 1. 0. 1.
1. 0. 1. 1. 1. 1. 1. 0. 1. 1.
0. 1. 1. 1. 1. 1. 1. 1. 1. 1.
0. 1. 0. 1. 1. 0. 1. 1. 1.
1. 1. 1. 1. 1. 1. 1. 1. 1. 1.
1. 1. 1. 1. 1. 1. 1. 1. 1. 1.
1. 1. 1. 1. 1. 1. 1. 1. 1. 1.
1.
1. 1. 0. 1. 1. 1. 0. 1.
1. 1. 0. 1. 0. 1. 1. 1.
  175519
1. 1. 1. 1. 1. 1. 0. 1. 1. 1.
1. 1. 1. 1. 1. 1. 1. 1. 1. 1.
1. 0. 1. 1. 1. 1. 1. 1. 1. 1.
1. 1. 1. 1. 1. 1. 1. 0. 1. 1.
1. 1. 0. 1.
1. 0. 1. 1. 1. 1. 1. 0. 1. 1.
0. 1. 1. 1. 1. 1. 1. 1. 1. 1.
0. 1. 0. 1. 1. 0. 1. 1. 1.
1. 1. 1. 1. 1. 1. 1. 1. 1. 1.
1. 1. 1. 1. 1. 1. 1. 1. 1. 1.
1. 1. 1. 1. 1. 1. 1. 1. 1. 1.
1.
1. 1. 0. 1. 1. 1. 0. 1.
1. 1. 1. 1. 0. 1. 1. 1.
  177961
1. 1. 1. 1. 1. 1. 0. 1. 1. 1.
1. 1. 1. 1. 1. 1. 1. 1. 1. 1.
1. 0. 1. 1. 1. 1. 1. 1. 1. 1.
1. 1. 1. 1. 1. 1. 1. 0. 1. 1.
1. 1. 1. 1.
1. 1. 1. 1. 1. 1. 1. 1. 1. 1.
1. 1. 1. 1. 1. 1. 1. 1. 1. 1.
1. 1. 1. 1. 1. 1. 1. 1. 1.
1. 1. 1. 1. 1. 1. 1. 1. 1. 1.
1. 1. 1. 1. 1. 0. 1. 1. 1. 1.
1. 1. 1. 1. 1. 1. 1. 1. 1. 1.
1.
1. 1. 0. 1. 1. 1. 0. 1.
1. 1. 1. 1. 0. 1. 1. 0.
  178065
1. 1. 1. 1. 1. 1. 0. 1. 1. 1.
1. 1. 1. 1. 1. 1. 1. 1. 1. 1.
1. 0. 1. 1. 1. 1. 1. 1. 1. 1.
1. 1. 1. 1. 1. 1. 1. 0. 1. 1.
1. 1. 1. 1.
1. 1. 1. 1. 1. 1. 1. 1. 1. 1.
1. 1. 1. 1. 1. 1. 1. 1. 1. 1.
1. 1. 1. 1. 1. 1. 1. 1. 1.
1. 1. 1. 1. 1. 1. 1. 1. 1. 1.
1. 1. 1. 1. 1. 0. 1. 1. 1. 1.
1. 1. 1. 1. 1. 1. 1. 1. 0. 1.
1.
1. 1. 0. 1. 1. 1. 0. 1.
1. 1. 1. 1. 0. 1. 1. 0.
  178075
1. 1. 1. 1. 1. 1. 0. 1. 1. 1.
1. 1. 1. 1. 1. 1. 1. 1. 1. 1.
1. 0. 1. 1. 1. 1. 1. 1. 1. 1.
1. 1. 1. 1. 1. 1. 1. 0. 1. 1.
1. 1. 1. 1.
1. 1. 1. 1. 1. 1. 1. 0. 0. 1.
1. 1. 1. 1. 1. 1. 1. 1. 1. 1.
1. 1. 1. 1. 1. 1. 1. 1. 1.
1. 1. 0. 1. 1. 1. 1. 1. 1. 1.
1. 1. 1. 1. 1. 0. 0. 1. 1. 1.
1. 1. 0. 1. 1. 1. 1. 1. 0. 1.
1.
1. 1. 0. 1. 1. 1. 0. 1.
1. 1. 1. 1. 0. 1. 1. 0.
  178098
1. 1. 1. 1. 1. 1. 0. 1. 1. 1.
1. 1. 1. 1. 1. 1. 1. 1. 1. 1.
1. 0. 1. 1. 1. 1. 1. 1. 1. 1.
1. 1. 1. 1. 1. 1. 1. 0. 1. 1.
1. 1. 1. 1.
1. 1. 1. 1. 1. 1. 1. 1. 0. 1.
1. 1. 1. 1. 1. 1. 1. 1. 1. 1.
1. 1. 1. 1. 1. 1. 1. 1. 1.
1. 1. 1. 1. 1. 1. 1. 1. 1. 1.
1. 1. 1. 1. 0. 0. 1. 1. 1. 1.
1. 1. 1. 1. 1. 1. 1. 1. 0. 1.
1.
1. 1. 0. 1. 1. 1. 0. 1.
1. 1. 1. 1. 0. 1. 1. 0.
  178498
1. 1. 1. 1. 1. 1. 0. 1. 1. 1.
1. 1. 1. 0. 1. 1. 1. 1. 1. 1.
1. 0. 1. 1. 1. 1. 1. 1. 1. 1.
1. 1. 1. 1. 1. 1. 1. 0. 1. 1.
1. 1. 1. 1.
1. 1. 1. 1. 1. 1. 1. 1. 0. 1.
1. 1. 1. 1. 1. 1. 1. 1. 1. 1.
1. 1. 1. 1. 1. 1. 1. 1. 1.
1. 1. 1. 1. 1. 1. 1. 1. 1. 1.
1. 1. 1. 1. 0. 0. 1. 1. 1. 1.
1. 1. 1. 1. 1. 1. 1. 1. 0. 1.
1.
1. 1. 0. 1. 1. 1. 0. 1.
0. 1. 1. 1. 0. 1. 1. 0.
  182139
1. 1. 1. 1. 1. 1. 0. 1. 1. 1.
1. 1. 1. 1. 1. 1. 1. 1. 1. 1.
1. 0. 1. 1. 1. 1. 1. 1. 1. 1.
1. 1. 1. 1. 1. 1. 1. 0. 1. 1.
1. 1. 1. 1.
1. 1. 1. 1. 1. 1. 1. 1. 0. 1.
1. 1. 1. 1. 1. 1. 1. 1. 1. 1.
1. 1. 1. 1. 1. 1. 1. 1. 1.
1. 1. 1. 1. 1. 1. 1. 1. 1. 1.
1. 1. 1. 1. 1. 1. 1. 1. 1. 1.
1. 1. 1. 1. 1. 1. 1. 1. 1. 1.
1.
1. 1. 1. 1. 1. 1. 0. 1.
0. 1. 1. 1. 0. 1. 1. 1.
  183117
1. 1. 1. 1. 1. 1. 0. 1. 1. 1.
1. 1. 1. 1. 1. 1. 1. 1. 1. 1.
1. 0. 1. 1. 1. 1. 1. 1. 1. 1.
1. 1. 1. 1. 1. 1. 1. 0. 1. 1.
1. 1. 0. 1.
1. 1. 1. 1. 1. 1. 1. 0. 0. 1.
1. 1. 1. 1. 1. 1. 1. 1. 1. 1.
1. 1. 1. 1. 1. 1. 1. 1. 1.
1. 1. 1. 1. 1. 1. 1. 1. 1. 1.
1. 1. 1. 1. 1. 1. 1. 1. 1. 1.
1. 1. 1. 1. 1. 1. 1. 1. 1. 1.
1.
1. 1. 1. 1. 1. 1. 0. 1.
0. 1. 1. 1. 0. 1. 1. 1.
  183890
1. 1. 1. 1. 1. 1. 0. 1. 1. 1.
1. 1. 1. 1. 1. 1. 1. 1. 1. 1.
1. 0. 1. 1. 1. 1. 1. 1. 1. 1.
1. 1. 1. 1. 1. 1. 1. 0. 1. 1.
1. 1. 0. 1.
1. 1. 1. 1. 1. 1. 1. 0. 0. 1.
1. 1. 1. 1. 1. 1. 1. 1. 1. 1.
1. 1. 1. 1. 1. 1. 1. 1. 1.
1. 1. 1. 1. 1. 1. 1. 1. 1. 1.
1. 1. 1. 1. 1. 1. 1. 1. 1. 1.
1. 1. 1. 1. 1. 1. 1. 1. 1. 1.
1.
1. 1. 1. 1. 1. 1. 0. 1.
0. 1. 1. 1. 0. 1. 1. 0.
  185753
1. 1. 1. 1. 1. 1. 0. 1. 1. 1.
1. 1. 1. 1. 1. 1. 1. 1. 1. 1.
1. 0. 1. 1. 1. 1. 1. 1. 1. 1.
1. 1. 1. 1. 1. 1. 1. 0. 1. 1.
1. 1. 0. 1.
1. 1. 1. 1. 1. 1. 1. 0. 0. 1.
1. 1. 0. 1. 1. 1. 1. 1. 1. 1.
1. 1. 1. 1. 1. 1. 1. 1. 1.
1. 1. 1. 1. 1. 1. 1. 1. 1. 1.
1. 1. 1. 1. 1. 1. 1. 1. 1. 1.
1. 1. 1. 1. 1. 1. 1. 1. 1. 1.
1.
1. 1. 1. 1. 1. 1. 0. 1.
0. 1. 1. 1. 0. 1. 1. 0.
  186414
1. 1. 0. 1. 1. 1. 0. 1. 1. 1.
1. 1. 1. 1. 1. 1. 1. 1. 1. 1.
1. 0. 1. 1. 1. 1. 1. 1. 1. 1.
1. 1. 1. 1. 1. 1. 1. 0. 1. 1.
1. 1. 0. 1.
1. 1. 1. 1. 1. 1. 1. 0. 0. 1.
1. 1. 0. 1. 1. 1. 1. 1. 1. 1.
1. 1. 1. 1. 1. 1. 1. 1. 1.
1. 1. 1. 1. 1. 1. 1. 1. 1. 1.
1. 1. 1. 1. 1. 1. 1. 1. 1. 1.
1. 1. 1. 1. 1. 1. 1. 1. 1. 1.
1.
1. 1. 1. 1. 1. 1. 0. 1.
0. 1. 1. 1. 0. 1. 1. 0. 
  193748
1. 1. 0. 1. 1. 1. 0. 1. 1. 1.
1. 1. 1. 1. 1. 1. 1. 1. 1. 1.
1. 0. 1. 1. 1. 1. 1. 1. 1. 1.
1. 1. 1. 1. 1. 1. 1. 0. 1. 0.
1. 1. 0. 1.
1. 1. 1. 1. 1. 1. 1. 0. 0. 1.
1. 1. 0. 1. 1. 1. 1. 1. 1. 1.
1. 1. 1. 1. 1. 1. 1. 1. 1.
1. 1. 1. 1. 1. 1. 1. 1. 1. 1.
1. 1. 1. 1. 1. 1. 1. 1. 1. 1.
1. 1. 1. 1. 1. 1. 1. 1. 1. 1.
1.
1. 1. 1. 1. 1. 1. 0. 1.
0. 1. 1. 1. 0. 1. 1. 0.
  198182
1. 1. 0. 1. 1. 1. 0. 1. 1. 1.
1. 1. 1. 1. 1. 1. 1. 1. 1. 1.
1. 0. 1. 1. 1. 1. 1. 1. 1. 1.
1. 1. 1. 1. 1. 1. 1. 0. 1. 0.
1. 1. 0. 1.
1. 1. 1. 1. 1. 1. 1. 0. 0. 1.
1. 1. 0. 1. 1. 1. 1. 1. 1. 1.
1. 1. 1. 1. 1. 1. 1. 1. 1.
1. 1. 1. 1. 1. 1. 1. 1. 1. 1.
1. 1. 1. 1. 0. 1. 1. 1. 1. 1.
1. 1. 1. 1. 1. 1. 1. 1. 1. 1.
1.
1. 1. 1. 1. 1. 1. 0. 1.
0. 0. 0. 0. 0. 1. 1. 0.
  202677
1. 1. 0. 1. 1. 1. 0. 1. 1. 1.
1. 1. 1. 1. 1. 1. 1. 1. 1. 1.
1. 0. 1. 1. 1. 1. 1. 1. 1. 1.
1. 1. 1. 1. 1. 1. 1. 0. 1. 0.
1. 1. 0. 1.
1. 1. 1. 1. 1. 1. 1. 0. 0. 1.
1. 1. 0. 1. 0. 1. 1. 1. 1. 1.
1. 0. 1. 0. 1. 1. 1. 1. 1.
1. 1. 1. 1. 1. 1. 1. 1. 1. 1.
0. 1. 1. 1. 0. 1. 1. 1. 1. 1.
1. 1. 1. 1. 1. 1. 1. 1. 1. 1.
1.
1. 1. 1. 0. 1. 1. 0. 1.
0. 0. 0. 0. 0. 1. 1. 0.
  202947
1. 1. 1. 1. 1. 1. 0. 1. 1. 1.
1. 1. 1. 1. 1. 1. 1. 1. 1. 1.
1. 0. 1. 1. 1. 1. 1. 1. 1. 1.
1. 1. 1. 1. 1. 1. 1. 0. 1. 0.
1. 1. 0. 1.
1. 1. 1. 1. 1. 1. 1. 0. 1. 1.
1. 1. 1. 1. 1. 1. 1. 1. 1. 1.
1. 1. 1. 1. 1. 1. 1. 1. 1.
1. 1. 1. 1. 1. 1. 1. 1. 1. 1.
1. 1. 1. 1. 0. 1. 1. 1. 1. 1.
1. 1. 1. 1. 1. 1. 1. 1. 1. 1.
1.
1. 1. 1. 1. 1. 1. 0. 1.
0. 0. 0. 0. 0. 1. 1. 0.
