  202661        'IU30'	   'IU90'     'IU150'    'IL30'     'IL90'    'IL150'    'IU210'    'IU270'    'IU330'    'IL210'    'IL270'    'IL330'
'MPI11M067 '  1.296e-08  3.090e-08  4.459e-09 -1.522e-08 -2.751e-08 -4.568e-09  1.115e-09  4.974e-10  1.866e-09 -1.323e-09 -4.177e-10 -2.180e-09
'MPI2A067  '  2.195e-10  5.750e-09 -1.009e-09 -1.591e-08 -2.376e-08 -6.492e-09 -5.795e-10 -1.166e-10 -8.465e-10 -2.914e-09 -2.060e-09 -3.630e-09
'MPI2B067  '  1.610e-08  2.516e-08  7.222e-09  7.714e-11 -4.201e-09  1.048e-09  1.986e-09  2.524e-09  3.822e-09  1.201e-09  1.369e-09  1.625e-09
'MPI66M067 ' -5.166e-09 -1.589e-08 -5.767e-10  3.307e-09  1.445e-08  2.646e-10  1.596e-10 -4.286e-10 -6.294e-10  1.367e-10 -3.325e-10  4.988e-10
'MPI67A097 ' -2.628e-09  3.339e-08 -1.748e-09  2.138e-10  8.819e-09  1.254e-09 -6.299e-10 -4.870e-10 -4.607e-11 -3.119e-10  7.792e-12  6.169e-09
'MPI67B097 ' -1.297e-09 -9.523e-09 -1.194e-09  2.907e-09  9.331e-09  8.862e-10 -2.276e-10 -4.778e-10 -1.765e-10  4.301e-10  4.691e-10  1.132e-08
'MPI1A139  '  7.777e-10  8.380e-09  3.124e-08 -2.723e-09 -1.009e-08 -3.013e-08  6.188e-09  1.279e-09  1.676e-10 -7.300e-09 -1.109e-09 -1.722e-09
'MPI2A139  '  6.879e-10  8.622e-09  2.387e-08 -5.384e-09 -1.391e-08 -2.745e-08  3.892e-09  5.289e-10 -1.812e-11 -7.692e-09 -2.017e-09 -1.536e-09
'MPI3A139  '  1.875e-10  3.380e-09  1.942e-08 -3.225e-09 -1.169e-08 -2.824e-08  3.159e-09 -1.233e-11 -5.283e-10 -9.950e-09 -1.990e-09 -1.582e-09
'MPI4A139  ' -1.144e-09  1.225e-09  7.975e-09 -4.508e-09 -1.390e-08 -2.436e-08  3.333e-10 -5.688e-10 -4.677e-10 -7.847e-09 -2.316e-09 -2.240e-09
'MPI5A139  ' -2.026e-09 -7.300e-09 -1.434e-08 -1.310e-09 -1.063e-08 -2.073e-08 -5.281e-09 -1.305e-09 -1.034e-09 -8.890e-09 -2.808e-09 -2.411e-09
'MPI79A147 ' -1.590e-09 -2.585e-09  1.043e-07 -2.026e-09  1.692e-10  5.121e-09 -1.900e-09 -1.497e-09 -1.325e-09  5.094e-10 -8.243e-10 -9.611e-10
'MPI67A142 ' -3.065e-09 -1.221e-09  2.113e-08 -7.466e-11  1.102e-09  1.027e-08 -3.312e-09 -4.612e-09 -4.318e-10  8.713e-10 -2.263e-10 -3.107e-10
'MPI67A157 '  1.067e-09 -1.177e-09  8.198e-09  4.882e-11  8.183e-10  9.846e-09 -1.329e-09 -2.021e-10 -4.812e-10  1.728e-09 -6.359e-10  2.425e-10
'MPI6NA132 '  2.133e-10  3.398e-09  9.388e-09  1.369e-09  5.327e-09  2.243e-08  2.652e-09  2.300e-09  2.219e-10  8.913e-10  1.319e-10  1.379e-10
'MPI6NA157 ' -6.925e-10 -5.509e-10  5.826e-10  1.111e-10  1.096e-09  2.581e-08  1.580e-09  2.290e-10  2.949e-10  5.227e-09 -1.474e-08  6.858e-11
'MPI66M157 '  1.385e-10 -8.816e-10 -2.521e-08 -3.909e-10  2.220e-10  2.707e-08 -7.713e-10  6.339e-10  8.005e-10  6.954e-10  2.646e-10  2.502e-10
'MPI1B157  ' -3.328e-09  6.810e-09  3.031e-08 -8.069e-10 -2.894e-09 -2.571e-08  1.559e-08  2.724e-09  1.254e-09 -8.829e-09 -6.405e-10 -4.458e-10
'MPI1B139  '  2.123e-09  1.368e-08  2.971e-08  1.490e-09 -1.199e-08 -2.529e-08  6.573e-09  7.484e-10  7.505e-10 -4.913e-09 -9.473e-10 -7.307e-10
'MPI2B139  '  2.539e-09  1.054e-08  3.113e-08 -2.276e-09 -7.021e-09 -2.400e-08  9.720e-09  1.734e-09  1.325e-09 -4.692e-09 -7.706e-10 -1.651e-10
'MPI3B139  '  3.477e-09  1.402e-08  2.694e-08  1.022e-09 -6.033e-09 -1.546e-08  7.783e-09  1.759e-09  1.419e-09 -1.756e-09 -8.858e-11 -3.277e-10
'MPI4B139  '  3.325e-09  1.147e-08  2.720e-08  1.238e-09 -7.593e-10 -7.659e-09  1.020e-08  2.750e-09  1.625e-09  3.093e-10  1.557e-10  4.769e-10
'MPI5B139  '  4.250e-09  1.223e-08  2.057e-08 -2.227e-10  7.610e-09  1.495e-08  7.912e-09  3.027e-09  1.966e-09  5.247e-09  1.552e-09  7.601e-10
'MPI79B142 '  3.417e-11 -2.171e-09 -3.401e-09  2.166e-09  3.078e-09 -3.061e-07 -5.890e-10 -1.401e-09  2.008e-09  3.373e-09 -2.646e-09  1.240e-09
'MPI7NB142 ' -2.262e-10 -2.789e-09 -1.066e-08  6.832e-10 -1.021e-09  5.341e-08 -1.750e-09 -3.833e-10 -1.053e-10 -8.193e-10  8.935e-09 -5.786e-10
'MPI67B157 ' -1.096e-10 -1.134e-09 -9.863e-09  4.522e-09  2.953e-10  1.515e-08 -1.664e-09 -1.176e-10 -5.250e-10  8.273e-10  6.366e-10  5.329e-09
'MPI6FB142 ' -2.957e-11 -8.219e-10 -1.034e-08  1.681e-09  1.909e-09  1.188e-07 -3.854e-10 -7.797e-11  2.030e-10  5.578e-10 -8.529e-10  3.050e-10
'MPI6NB157 ' -4.958e-09 -1.601e-09 -2.955e-08 -2.223e-10  1.839e-10 -1.601e-08 -1.894e-09 -3.963e-10 -6.174e-10  5.616e-09  4.353e-10  4.798e-10
'MPI66M247 ' -2.743e-09 -5.571e-09 -1.916e-08 -4.482e-09 -1.086e-09 -1.425e-08 -5.405e-09 -2.520e-08 -2.945e-08 -1.888e-08  1.278e-08 -1.257e-08
'MPI8A322  ' -5.399e-09 -3.612e-09 -4.155e-09 -3.503e-09 -1.539e-09 -3.258e-09 -4.669e-09 -3.443e-09  1.235e-08 -3.024e-09 -2.353e-09 -3.289e-08
'MPI89A322 ' -7.015e-09 -3.510e-09 -3.122e-09 -4.665e-09 -1.829e-09 -2.872e-09 -4.368e-09 -7.318e-09  2.302e-08 -2.141e-09 -2.634e-09  1.516e-08
'MPI9A322  ' -8.553e-09 -3.716e-09 -2.733e-09 -4.549e-09 -2.122e-09 -2.289e-09 -3.771e-09 -1.185e-08 -1.823e-08 -2.398e-09 -3.046e-09  1.068e-08
'MPI79FA322' -1.695e-09 -1.190e-09 -1.883e-09 -1.185e-09 -7.435e-10 -5.353e-10 -9.009e-10 -2.364e-09  8.312e-08 -8.047e-10  1.205e-09  1.738e-10
'MPI79NA322' -3.495e-09 -2.262e-09 -1.435e-09  2.296e-10 -3.129e-10  1.088e-10 -8.689e-10 -5.989e-09  1.236e-07 -7.944e-10  8.573e-10  7.674e-09
'MPI7FA322 ' -3.324e-09 -1.174e-09 -1.975e-09 -2.306e-09 -7.406e-10 -7.791e-11 -1.131e-09 -9.622e-09  1.231e-07 -2.067e-09 -1.019e-09  2.116e-09
'MPI7NA322 ' -1.692e-09 -9.239e-10 -6.041e-10 -1.986e-10 -1.186e-10 -5.525e-10  7.587e-13  1.718e-10  6.507e-08  5.543e-10  2.725e-09  1.314e-08
'MPI67A322 ' -9.406e-10 -1.091e-09  1.033e-09  1.450e-09  4.163e-10  3.354e-10  1.232e-10 -1.206e-09  2.631e-08  1.046e-09  3.349e-10  1.505e-09
'MPI6FA322 ' -1.936e-09 -1.126e-09 -7.366e-10  5.111e-10 -5.580e-10 -4.003e-10 -5.857e-10 -1.982e-09 -8.252e-08 -1.691e-10  9.638e-10  2.019e-08
'MPI6NA322 '  7.542e-10 -1.835e-10 -8.968e-11  1.727e-09  2.193e-11 -2.518e-10  8.576e-10  2.690e-09  1.633e-08  2.485e-10  4.714e-09  2.834e-08
'MPI66M322 '  1.088e-09  2.621e-10 -2.787e-10  1.965e-10  2.916e-10  1.779e-10 -4.313e-11 -1.553e-09 -2.168e-08  1.625e-10  1.550e-09  3.593e-08
'MPI6NB322 ' -1.857e-09 -9.154e-10 -2.651e-10  3.738e-11 -1.890e-10  7.478e-12 -2.240e-10 -4.229e-09 -2.507e-08  2.281e-10 -2.582e-09  4.206e-09
'MPI6FB322 '  3.362e-10  3.239e-10  3.002e-10  2.295e-09  3.369e-10  6.037e-10  4.401e-10 -1.022e-09 -8.610e-09  8.372e-10  3.696e-09  5.034e-08
'MPI67B322 ' -6.243e-10 -5.104e-10  1.124e-10  8.067e-10 -6.908e-11  2.326e-10 -1.700e-11 -1.546e-09 -9.730e-09  9.672e-10 -2.463e-08  9.970e-08
'MPI7NB322 '  5.487e-10  2.577e-10 -1.175e-09  1.723e-10  1.006e-09  7.235e-10  8.925e-10 -2.682e-09 -9.636e-09  8.389e-11 -4.425e-10 -8.421e-08
'MPI7FB322 '  5.902e-10  6.691e-10  2.841e-10  1.407e-09  1.264e-09  5.175e-10  6.079e-10 -1.021e-09 -4.211e-09  1.163e-09  3.552e-09 -1.070e-07
'MPI79B322 ' -1.742e-09  9.241e-10  5.819e-10 -9.897e-11  2.182e-09  1.002e-09  8.392e-10 -6.519e-10 -5.894e-09  6.179e-10 -1.479e-09 -6.519e-08
'MPI9B322  '  3.977e-09  2.263e-09  2.750e-09  8.774e-09  3.710e-09  2.899e-09  3.280e-09  3.447e-09  4.986e-09  3.848e-09  1.668e-08  4.534e-08
'MPI89B322 '  3.243e-09  2.998e-09  2.425e-09  6.977e-09  3.830e-09  3.088e-09  3.091e-09  3.303e-09  2.310e-09  4.530e-09  1.188e-08 -5.859e-09
'MPI8B322  '  1.768e-09  2.375e-09  2.376e-09  6.923e-09  4.086e-09  3.665e-09  3.218e-09  1.764e-09 -2.439e-10  5.187e-09  5.114e-09 -2.419e-08
'MPI5B322  '  5.564e-09  4.683e-09  3.827e-09  1.103e-08  6.009e-09  4.991e-09  4.405e-09  6.479e-09  7.625e-09  5.824e-09  1.372e-08  1.090e-08
'MPI4B322  '  6.671e-09  3.229e-09  2.416e-09  8.593e-09  2.276e-09  1.845e-09  3.444e-09  9.123e-09  1.415e-08  3.007e-09  1.731e-08  3.990e-08
'MPI3B322  '  7.208e-09  4.046e-09  2.418e-09  4.798e-09  1.944e-09  1.349e-09  3.576e-09  1.106e-08  1.944e-08  1.926e-09  1.079e-08  2.551e-08
'MPI2B322  '  7.931e-09  3.214e-09  1.629e-09  6.583e-10  8.972e-10  1.098e-09  2.505e-09  1.294e-08  2.588e-08 -7.504e-12 -2.138e-10 -6.967e-09
'MPI1B322  '  6.733e-09  1.953e-09  1.711e-09 -4.737e-09 -9.087e-10 -5.498e-10  2.773e-09  1.268e-08  3.064e-08 -1.076e-09 -7.827e-09 -2.616e-08
'MPI11M322 '  5.518e-09  2.350e-09  1.388e-10 -7.529e-09 -1.291e-09 -7.594e-10  5.257e-10  1.115e-08  2.980e-08 -8.301e-10 -1.112e-08 -3.032e-08
'MPI1A322  '  5.154e-09 -7.869e-10  1.673e-10 -6.153e-09 -2.354e-09 -9.361e-10  1.125e-09  7.645e-09  2.713e-08 -2.035e-09 -1.229e-08 -3.071e-08
'MPI2A322  '  5.612e-11 -1.140e-09 -1.112e-09 -8.378e-09 -3.194e-09 -2.050e-09 -3.300e-10  6.139e-10  8.351e-09 -2.840e-09 -1.342e-08 -2.812e-08
'MPI3A322  ' -3.623e-09 -3.072e-09 -2.206e-09 -7.223e-09 -3.571e-09 -1.906e-09 -1.334e-09 -9.964e-09 -2.054e-08 -3.041e-09 -1.034e-08 -1.998e-08
'MPI4A322  ' -9.067e-09 -3.330e-09 -2.251e-09 -7.474e-09 -2.379e-09 -1.799e-09 -4.255e-09 -1.616e-08 -4.065e-08 -4.334e-09 -8.874e-09 -1.540e-08
'MPI5A322  ' -9.733e-09 -5.985e-09 -4.997e-09 -5.512e-09 -4.383e-09 -3.077e-09 -6.006e-09 -1.390e-08 -1.026e-08 -4.787e-09 -5.953e-09 -6.534e-09
'MPI1U157  ' -1.490e-08  2.642e-09  1.075e-07 -4.107e-09  3.882e-09  8.155e-09  2.246e-08 -4.537e-09 -4.487e-09  2.109e-09  1.398e-09  1.858e-10
'MPI2U157  ' -1.265e-08 -9.380e-10  1.640e-07 -1.770e-09 -6.255e-10 -9.319e-08  1.887e-08 -1.715e-09 -2.841e-09  9.533e-10  1.438e-09 -1.031e-09
'MPI3U157  ' -1.720e-08 -9.888e-09  3.876e-08 -5.392e-09 -6.645e-09  2.396e-08  1.063e-09 -7.347e-09 -5.922e-09 -7.374e-09  1.592e-09 -2.094e-09
'MPI4U157  ' -9.092e-09 -6.058e-09  2.806e-08 -2.049e-09 -3.507e-09 -2.521e-08 -3.673e-09 -2.566e-09 -1.562e-09 -3.955e-09 -1.203e-09 -2.976e-10
'DSL1U180  '  4.323e-08  4.297e-08  6.365e-10  4.809e-08  4.409e-08  3.219e-08  4.318e-09  3.753e-08  4.679e-08  3.935e-08  6.035e-08  4.806e-08
'DSL2U180  '  2.009e-09  4.026e-09 -4.263e-08  7.953e-09  5.943e-09 -2.283e-09 -5.485e-08  2.529e-09  6.972e-09 -4.123e-09  1.142e-08  9.200e-09
'DSL3U180  '  2.086e-08  7.343e-09 -1.573e-07  1.076e-09 -6.393e-10 -2.839e-08 -1.776e-07  2.338e-08  6.175e-09 -4.803e-09 -8.057e-09 -5.936e-09
'DSL4U157  ' -7.588e-09 -3.340e-09 -4.967e-07 -1.540e-09 -4.279e-09 -1.846e-08 -1.463e-08 -2.035e-09 -2.062e-09 -7.709e-09 -1.599e-09  4.189e-09
'MPI5U157  '  2.306e-08  4.190e-08 -1.572e-07 -6.027e-08  1.650e-08 -7.896e-08 -1.306e-07  1.518e-07 -2.237e-08 -6.351e-08 -2.922e-08  8.727e-09
'MPI6U157  '  3.254e-08  5.076e-08 -4.753e-08 -2.842e-08  2.028e-08 -6.544e-08 -1.073e-07  8.709e-08 -5.571e-08 -2.839e-08  1.107e-08  5.873e-09
'MPI7U157  ' -1.334e-08 -6.005e-09  6.261e-09 -1.358e-09  4.862e-09  1.616e-08  4.532e-09 -1.046e-08 -3.956e-09 -1.982e-08 -8.998e-09  2.264e-10
'DSL5U157  ' -2.667e-09 -8.206e-09 -3.317e-08  1.173e-11 -2.477e-09 -3.961e-09 -2.448e-08 -3.378e-09  1.200e-09 -1.099e-08 -3.271e-09  6.867e-10
'DSL6U157  '  0.000e+00  0.000e+00  0.000e+00  0.000e+00  0.000e+00  0.000e+00  0.000e+00  0.000e+00  0.000e+00  0.000e+00  0.000e+00  0.000e+00
'MPI1L180  ' -1.200e-08  2.767e-11  3.159e-09  2.425e-09  6.649e-09 -5.867e-09  9.400e-09  8.187e-10 -5.377e-10 -3.553e-09  4.453e-09  5.443e-09
'MPI2L180  ' -1.026e-08  6.005e-10  2.224e-09  2.910e-09  5.780e-09  8.633e-09  9.391e-09  2.472e-11  2.118e-09  5.498e-09  5.752e-09  5.806e-09
'MPI3L180  ' -1.533e-08 -1.478e-09 -1.952e-09  7.223e-10  2.404e-09  2.337e-09  3.761e-09  3.192e-09  2.572e-11 -1.413e-09  3.164e-09  2.667e-09
'PSF1A     ' -1.188e-08 -8.714e-09 -8.333e-09 -1.421e-08 -1.429e-08 -1.362e-08 -4.500e-09 -8.269e-09 -7.882e-09 -1.503e-08 -9.339e-09 -1.511e-08
'PSF2A     ' -1.395e-08 -1.994e-08 -2.031e-08 -1.851e-08 -1.821e-08 -1.837e-08 -1.248e-08 -1.930e-08 -1.965e-08 -1.855e-08 -1.082e-08 -1.885e-08
'PSF3A     ' -1.471e-08 -1.951e-08 -1.997e-08 -1.600e-08 -1.576e-08 -1.570e-08 -1.308e-08 -1.893e-08 -1.914e-08 -1.572e-08 -9.061e-09 -1.618e-08
'PSF4A     ' -1.542e-08 -1.989e-08 -2.022e-08 -1.423e-08 -1.387e-08 -1.396e-08 -1.383e-08 -1.915e-08 -1.928e-08 -1.401e-08 -8.030e-09 -1.425e-08
'PSF5A     ' -1.572e-08 -1.922e-08 -1.961e-08 -1.217e-08 -1.189e-08 -1.201e-08 -1.411e-08 -1.854e-08 -1.884e-08 -1.198e-08 -6.813e-09 -1.211e-08
'PSF6NA    '  7.702e-08  7.343e-08  7.516e-08 -4.469e-08 -4.361e-08 -4.412e-08  8.055e-08  7.083e-08  7.524e-08 -4.409e-08 -3.843e-08 -4.485e-08
'PSF7NA    '  0.000e+00  0.000e+00  0.000e+00  0.000e+00  0.000e+00  0.000e+00  0.000e+00  0.000e+00  0.000e+00  0.000e+00  0.000e+00  0.000e+00
'PSF8A     ' -2.036e-08 -2.463e-08 -2.495e-08 -1.456e-08 -1.444e-08 -1.452e-08 -1.893e-08 -2.360e-08 -2.407e-08 -1.446e-08 -8.790e-09 -1.464e-08
'PSF9A     ' -3.374e-08 -3.871e-08 -3.934e-08 -1.955e-08 -1.889e-08 -1.911e-08 -3.273e-08 -3.731e-08 -3.798e-08 -1.905e-08 -1.277e-08 -1.930e-08
'PSF1B     ' -6.064e-09 -1.121e-08 -1.155e-08 -1.121e-08 -1.108e-08 -1.135e-08 -6.162e-09 -1.105e-08 -1.131e-08 -1.110e-08 -6.278e-09 -1.131e-08
'PSF2B     ' -6.963e-09 -1.327e-08 -1.342e-08 -1.146e-08 -1.143e-08 -1.159e-08 -7.172e-09 -1.270e-08 -1.315e-08 -1.128e-08 -6.006e-09 -1.155e-08
'PSF3B     ' -6.365e-09 -1.234e-08 -1.246e-08 -8.212e-09 -8.170e-09 -8.420e-09 -6.760e-09 -1.172e-08 -1.208e-08 -8.229e-09 -3.012e-09 -8.328e-09
'PSF4B     ' -6.253e-09 -1.162e-08 -1.162e-08 -5.597e-09 -5.717e-09 -5.908e-09 -6.808e-09 -1.117e-08 -1.147e-08 -5.560e-09 -7.213e-10 -5.604e-09
'PSF5B     ' -2.203e-09 -4.610e-09 -4.576e-09  2.647e-09  2.394e-09  2.230e-09 -2.311e-09 -4.350e-09 -4.586e-09  2.331e-09  4.625e-09  2.503e-09
'PSF6NB    '  2.632e-08  2.339e-08  2.365e-08 -9.485e-08 -9.150e-08 -9.359e-08  2.731e-08  2.238e-08  2.301e-08 -9.362e-08 -8.839e-08 -9.592e-08
'PSF7NB    '  7.897e-09  3.285e-09  3.120e-09  6.339e-08  5.944e-08  6.455e-08  7.973e-09  2.902e-09  2.880e-09  6.151e-08  6.664e-08  6.515e-08
'PSF8B     '  3.079e-10 -1.264e-09 -1.396e-09  8.725e-09  8.185e-09  8.536e-09  3.721e-11 -1.323e-09 -1.339e-09  8.707e-09  9.874e-09  8.502e-09
'PSF9B     '  4.258e-10 -3.278e-09 -3.412e-09  1.614e-08  1.559e-08  1.550e-08  3.593e-10 -3.240e-09 -3.348e-09  1.588e-08  1.918e-08  1.609e-08
'PSI11M    ' -5.763e-09 -1.078e-08 -1.073e-08 -1.144e-08 -1.135e-08 -1.153e-08 -5.969e-09 -1.044e-08 -1.065e-08 -1.119e-08 -6.777e-09 -1.146e-08
'PSI12A    ' -8.861e-09 -1.410e-08 -1.474e-08 -1.356e-08 -1.351e-08 -1.345e-08 -6.181e-09 -1.372e-08 -1.388e-08 -1.375e-08 -8.710e-09 -1.411e-08
'PSI23A    ' -1.057e-08 -1.545e-08 -1.622e-08 -1.242e-08 -1.266e-08 -1.239e-08 -8.002e-09 -1.511e-08 -1.546e-08 -1.263e-08 -8.179e-09 -1.328e-08
'PSI34A    '  1.271e-08  1.876e-08  1.853e-08  1.272e-08  1.247e-08  1.336e-08  1.639e-08  1.642e-08  1.792e-08  1.217e-08  8.134e-09  1.272e-08
'PSI45A    ' -1.291e-08 -1.730e-08 -1.771e-08 -9.992e-09 -1.024e-08 -1.002e-08 -1.031e-08 -1.667e-08 -1.721e-08 -1.034e-08 -6.622e-09 -1.081e-08
'PSI58A    ' -1.635e-08 -2.129e-08 -2.184e-08 -1.237e-08 -1.254e-08 -1.241e-08 -1.367e-08 -2.045e-08 -2.113e-08 -1.259e-08 -8.081e-09 -1.304e-08
'PSI9A     ' -3.242e-08 -3.787e-08 -3.894e-08 -1.696e-08 -1.709e-08 -1.674e-08 -3.018e-08 -3.662e-08 -3.766e-08 -1.723e-08 -1.231e-08 -1.761e-08
'PSF7FA    ' -7.678e-08 -8.195e-08 -8.386e-08 -2.481e-08 -2.453e-08 -2.469e-08 -7.679e-08 -7.937e-08 -8.195e-08 -2.471e-08 -1.878e-08 -2.504e-08
'PSI7A     ' -1.362e-07 -1.426e-07 -1.475e-07 -2.185e-08 -2.152e-08 -2.142e-08 -1.377e-07 -1.388e-07 -1.432e-07 -2.178e-08 -1.819e-08 -2.249e-08
'PSF6FA    '  9.509e-08  9.049e-08  9.301e-08 -4.011e-08 -3.916e-08 -3.941e-08  9.750e-08  8.651e-08  9.161e-08 -3.952e-08 -3.302e-08 -4.040e-08
'PSI6A     '  1.452e-07  1.395e-07  1.427e-07 -4.075e-08 -4.001e-08 -4.008e-08  1.521e-07  1.368e-07  1.411e-07 -4.022e-08 -3.416e-08 -4.157e-08
'PSI12B    ' -7.676e-09 -1.351e-08 -1.406e-08 -1.298e-08 -1.308e-08 -1.274e-08 -4.631e-09 -1.310e-08 -1.347e-08 -1.294e-08 -7.762e-09 -1.333e-08
'PSI23B    ' -5.446e-09 -1.007e-08 -1.085e-08 -6.901e-09 -7.277e-09 -7.105e-09 -2.723e-09 -9.490e-09 -9.973e-09 -7.285e-09 -3.030e-09 -7.595e-09
'PSI34B    ' -6.771e-09 -1.177e-08 -1.246e-08 -6.103e-09 -6.526e-09 -6.329e-09 -3.897e-09 -1.159e-08 -1.191e-08 -6.543e-09 -1.698e-09 -7.254e-09
'PSI45B    ' -7.394e-09 -1.270e-08 -1.328e-08 -5.499e-09 -5.954e-09 -5.845e-09 -4.533e-09 -1.239e-08 -1.288e-08 -5.806e-09 -1.038e-09 -6.330e-09
'PSI58B    ' -5.398e-09 -9.620e-09 -1.009e-08 -8.420e-10 -1.276e-09 -1.048e-09 -2.626e-09 -9.599e-09 -9.715e-09 -1.098e-09  2.868e-09 -1.307e-09
'PSI9B     ' -1.152e-09 -5.986e-09 -6.515e-09  2.106e-08  1.961e-08  2.008e-08  1.901e-09 -5.838e-09 -6.092e-09  2.004e-08  2.481e-08  2.037e-08
'PSF7FB    '  4.455e-09 -6.227e-10 -7.980e-10  5.730e-08  5.437e-08  5.577e-08  4.441e-09 -7.176e-10 -5.864e-10  5.604e-08  5.967e-08  5.616e-08
'PSI7B     '  7.415e-09  4.461e-09  4.226e-09  1.273e-07  1.221e-07  1.238e-07  1.081e-08  4.311e-09  4.174e-09  1.229e-07  1.261e-07  1.247e-07
'PSF6FB    '  9.811e-09  1.501e-08  1.468e-08  8.242e-09  8.711e-09  8.823e-09  1.021e-08  1.280e-08  1.368e-08  7.903e-09  4.619e-09  8.875e-09
'PSI6B     '  1.858e-08  1.460e-08  1.449e-08 -1.662e-07 -1.624e-07 -1.631e-07  2.233e-08  1.404e-08  1.468e-08 -1.629e-07 -1.570e-07 -1.673e-07
'PSI89FB   ' -4.289e-09 -1.000e-08 -1.024e-08  2.403e-09  2.208e-09  1.956e-09 -4.325e-09 -9.543e-09 -9.905e-09  2.549e-09  7.466e-09  2.336e-09
'PSI89NB   ' -1.839e-09 -6.841e-09 -6.948e-09  1.012e-08  9.803e-09  9.508e-09 -2.054e-09 -6.690e-09 -6.771e-09  9.992e-09  1.431e-08  1.030e-08
'PSI1L     ' -2.930e-09 -4.958e-09 -5.121e-09  7.099e-09  6.843e-09  7.053e-09 -1.063e-09 -4.690e-09 -4.669e-09  6.840e-09  1.079e-08  6.933e-09
'PSI2L     '  4.579e-09  1.152e-08  1.109e-08  3.820e-09  4.701e-09  5.339e-09  6.734e-09  9.343e-09  1.040e-08  3.793e-09  8.864e-10  4.315e-09
'PSI3L     ' -8.935e-11 -2.042e-09 -2.093e-09  2.479e-08  2.401e-08  2.464e-08  1.945e-09 -2.084e-09 -1.920e-09  2.426e-08  2.812e-08  2.456e-08
  193975        'IU30'	   'IU90'     'IU150'    'IL30'     'IL90'    'IL150'    'IU210'    'IU270'    'IU330'    'IL210'    'IL270'    'IL330'
'MPI11M067 ' -2.389e-08  3.229e-08  4.387e-09 -7.027e-09 -1.772e-08  1.167e-08  6.640e-08  1.694e-09 -2.363e-08  2.295e-08  2.753e-08 -2.302e-08
'MPI2A067  ' -3.066e-08  9.728e-09  2.255e-09 -1.333e-08 -9.303e-09  1.540e-08  7.305e-08 -1.420e-10 -2.310e-08  2.073e-08  1.714e-08 -2.575e-08
'MPI2B067  ' -1.550e-08  2.456e-08  6.182e-09  4.177e-09  9.714e-09  1.996e-08  7.057e-08  7.676e-09 -1.829e-08  2.367e-08  3.545e-08 -1.329e-08
'MPI66M067 ' -4.982e-08 -2.620e-08  5.713e-09  1.001e-08  4.543e-08  2.293e-08  7.910e-08  1.227e-08 -2.787e-08  2.804e-08  2.671e-08 -1.651e-08
'MPI67A097 ' -2.121e-08  3.821e-08 -4.729e-10  2.799e-09  2.042e-08  1.456e-08  3.943e-08  3.194e-09 -1.613e-08  1.182e-08  1.115e-08 -2.705e-09
'MPI67B097 ' -2.549e-08 -9.084e-09 -6.331e-09  6.583e-09  1.563e-08  2.325e-08  4.275e-08  7.562e-09 -1.936e-08  7.855e-09  1.316e-08  2.645e-09
'MPI1A139  ' -6.617e-10  7.098e-09  3.046e-08 -4.972e-09 -1.249e-08 -3.423e-08  4.527e-09  2.732e-10  1.129e-09 -1.223e-08 -1.976e-09 -1.199e-09
'MPI2A139  '  1.224e-08  6.022e-09  2.689e-08 -1.557e-09 -1.838e-08 -2.228e-08  1.561e-08 -3.521e-09  4.137e-10  4.765e-10  1.565e-10  4.877e-10
'MPI3A139  '  5.143e-09 -1.947e-09  1.334e-08  6.098e-10 -1.499e-08 -3.166e-08  1.228e-08 -3.306e-09 -6.094e-09 -1.256e-08 -4.743e-09 -4.979e-09
'MPI4A139  ' -1.238e-08 -2.437e-09  7.637e-09 -1.106e-08 -1.859e-08 -2.220e-08 -1.033e-08 -1.677e-09 -4.127e-10 -1.996e-08 -3.051e-09  2.203e-09
'MPI5A139  '  1.499e-09  2.430e-09 -1.467e-08 -1.074e-09 -1.431e-09 -2.125e-08 -4.862e-09 -2.614e-09 -4.087e-10 -1.368e-08  1.919e-09  1.036e-10
'MPI79A147 ' -1.116e-09 -3.558e-09  1.069e-07 -3.137e-09 -3.301e-09  5.782e-09 -9.390e-10 -3.798e-09  8.246e-10 -8.764e-10 -1.241e-09 -1.233e-09
'MPI67A142 '  9.042e-09 -9.768e-09  4.156e-08  1.019e-08  5.394e-09  3.094e-08 -1.728e-09 -5.568e-10  0.000e+00  9.207e-09  7.522e-09  5.793e-09
'MPI67A157 ' -1.895e-08 -4.969e-09  6.541e-10  1.184e-08  1.210e-08  2.825e-08  3.493e-08  4.047e-09 -2.009e-08  9.795e-09  1.245e-08 -6.882e-09
'MPI6NA132 '  1.486e-09  1.614e-09  5.697e-09  3.038e-09  5.715e-09  2.204e-08  6.569e-09  2.709e-09  0.000e+00  4.565e-09  1.333e-09  5.421e-10
'MPI6NA157 '  9.119e-09  1.993e-08  4.213e-08 -8.497e-09 -1.745e-08  4.009e-08  1.144e-08  8.136e-09  5.731e-08 -7.142e-10  2.770e-08 -1.399e-08
'MPI66M157 '  3.749e-09 -5.481e-09 -3.264e-08 -2.435e-10 -1.768e-10  3.971e-08  4.421e-10 -5.344e-09 -7.987e-09 -4.221e-09 -1.359e-08  4.743e-11
'MPI1B157  ' -9.050e-10  1.520e-10  2.339e-08 -2.761e-09 -8.073e-09 -2.868e-08  9.107e-09 -6.645e-09 -8.010e-09 -1.401e-08 -1.170e-08 -3.196e-09
'MPI1B139  '  1.494e-10  1.607e-08  3.519e-08  1.902e-09 -1.188e-08 -2.589e-08  7.756e-09  1.012e-08  2.017e-09 -3.103e-09 -5.303e-09 -6.029e-10
'MPI2B139  '  6.214e-09  6.787e-09  2.935e-08  3.451e-09 -4.566e-09 -2.626e-08  1.893e-08  7.119e-10 -1.149e-09 -2.082e-09  1.368e-09 -1.911e-10
'MPI3B139  '  4.367e-09  1.554e-08  3.315e-08  3.521e-09 -2.515e-09 -1.540e-08  1.009e-08  1.568e-09  3.779e-09 -9.581e-10  6.983e-09  7.068e-09
'MPI4B139  '  5.927e-09  1.115e-08  2.599e-08  2.896e-09  4.116e-11 -1.858e-10  1.284e-08  3.266e-09  9.653e-09 -5.880e-10  1.487e-09  8.519e-09
'MPI5B139  '  1.097e-08  1.032e-08  2.841e-08  1.212e-08  7.581e-09  2.352e-08  9.305e-09  1.570e-09  1.563e-08  1.358e-08  2.245e-09  1.489e-08
'MPI79B142 '  3.417e-11 -2.171e-09 -3.401e-09  2.166e-09  3.078e-09 -3.061e-07 -5.890e-10 -1.401e-09  2.008e-09  3.373e-09 -2.646e-09  1.240e-09
'MPI7NB142 '  5.722e-09  2.972e-08  4.501e-08 -8.387e-09 -2.722e-08  6.562e-08  5.861e-09  9.756e-09  7.495e-08 -1.426e-10  6.442e-08 -1.965e-08
'MPI67B157 ' -2.272e-08  2.491e-09 -1.110e-08  7.385e-09  1.258e-08  3.077e-08  4.034e-08  8.224e-09 -2.152e-08  9.209e-09  7.540e-09 -5.928e-09
'MPI6FB142 '  5.778e-09  1.978e-08  2.221e-08 -8.861e-09 -1.085e-08  1.185e-07  1.559e-09  1.418e-08  3.996e-08 -2.783e-09  3.004e-08 -2.503e-09
'MPI6NB157 ' -1.294e-10 -3.512e-09 -2.741e-08 -2.054e-09  6.017e-10 -2.053e-08 -5.739e-09 -3.406e-09 -8.527e-09 -1.414e-08 -5.083e-09 -1.200e-09
'MPI66M247 ' -2.743e-09 -5.571e-09 -1.916e-08 -4.482e-09 -1.086e-09 -1.425e-08 -5.405e-09 -2.520e-08 -2.945e-08 -1.888e-08  1.278e-08 -1.257e-08
'MPI8A322  ' -1.716e-08 -2.588e-09 -8.804e-09 -1.120e-08  1.459e-08 -5.423e-09  7.797e-09 -1.417e-08 -1.473e-08  2.530e-08  4.106e-09 -7.105e-08
'MPI89A322 '  1.388e-08 -2.888e-08 -3.366e-08  1.511e-09 -2.800e-09  2.067e-09 -1.413e-08 -7.038e-09  1.154e-08  2.752e-08 -3.907e-09  2.417e-08
'MPI9A322  ' -1.632e-08 -7.231e-09 -2.737e-09 -8.150e-10  7.003e-09 -6.655e-09  9.837e-09 -2.461e-08 -4.016e-08 -3.422e-09 -4.990e-09  6.964e-09
'MPI79FA322' -1.181e-08 -6.833e-09 -1.902e-09  2.276e-09  1.231e-08 -6.006e-09  1.015e-08 -1.421e-08  6.753e-08  2.953e-09  4.095e-09 -4.603e-09
'MPI79NA322' -1.521e-08 -1.937e-08 -5.605e-09 -1.039e-09  2.150e-08 -7.881e-09  1.700e-08 -2.352e-08  9.432e-08 -1.600e-10  8.900e-09  1.530e-08
'MPI7FA322 ' -4.032e-09 -8.643e-09 -9.163e-09  2.217e-09  1.083e-08 -2.926e-09  4.882e-09 -2.547e-08  1.209e-07  2.203e-09  5.621e-09  4.449e-09
'MPI7NA322 ' -1.108e-09 -1.142e-08 -3.488e-09  3.886e-09  1.878e-08 -2.744e-09  1.302e-08 -5.823e-09  4.170e-08 -5.827e-10  9.667e-09  8.042e-09
'MPI67A322 ' -9.755e-09 -7.582e-09 -1.388e-09 -5.164e-10  5.013e-09 -1.012e-08  1.494e-08 -1.345e-08 -9.368e-10  8.040e-09  1.019e-08 -5.516e-09
'MPI6FA322 ' -1.222e-09 -1.316e-08 -6.285e-09 -9.762e-10  1.134e-08 -2.481e-09  9.666e-09 -1.781e-08 -1.233e-07  4.924e-10  3.193e-10  1.736e-08
'MPI6NA322 ' -4.923e-09  1.687e-09 -7.873e-09 -5.564e-09  1.161e-08 -3.349e-10  1.036e-08 -4.658e-09 -6.510e-09 -3.022e-09  7.431e-09  2.501e-08
'MPI66M322 ' -7.422e-09 -1.442e-08 -1.368e-09  5.576e-09  1.393e-08  2.875e-09  1.422e-08 -1.150e-08 -5.999e-08  5.208e-09  1.048e-08  5.358e-08
'MPI6NB322 '  1.601e-08 -1.125e-08 -1.481e-08 -5.795e-10 -4.876e-09 -1.535e-09 -3.188e-09 -1.241e-08 -4.142e-08  2.451e-08 -3.656e-09  3.669e-09
'MPI6FB322 '  1.230e-08 -2.750e-08 -2.525e-08  5.705e-09  5.217e-09 -7.221e-10 -1.027e-08 -3.936e-10 -1.591e-08  2.944e-08  5.390e-09  5.402e-08
'MPI67B322 '  1.579e-08 -2.521e-08 -2.116e-08  2.320e-09 -2.443e-09  3.854e-09 -5.338e-09 -1.331e-10 -2.530e-08  2.973e-08 -2.366e-08  1.086e-07
'MPI7NB322 '  1.177e-08 -2.722e-08 -2.655e-08  2.410e-09  2.220e-09 -1.071e-09 -6.678e-09 -8.935e-09 -2.120e-08  3.476e-08 -4.921e-09 -7.747e-08
'MPI7FB322 '  1.732e-08 -2.006e-08 -1.801e-08  1.065e-08 -2.369e-09  6.153e-09 -2.480e-09 -8.104e-09 -2.225e-08  2.762e-08 -3.264e-10 -1.052e-07
'MPI79B322 '  1.376e-08 -2.646e-08 -2.149e-08 -1.186e-09 -6.250e-09  4.082e-09 -4.774e-09 -4.416e-09 -2.088e-08  2.958e-08 -9.968e-09 -6.110e-08
'MPI9B322  '  5.431e-08 -1.257e-08  6.991e-09 -7.489e-09  3.485e-09  4.720e-08 -1.506e-08  3.052e-09  6.019e-09  7.508e-08 -1.297e-08  1.084e-08
'MPI89B322 '  2.752e-08 -2.162e-08 -1.367e-08  1.395e-08  5.965e-09  1.333e-08 -5.650e-09  4.947e-09 -6.753e-10  3.040e-08  1.149e-08 -3.371e-09
'MPI8B322  '  1.923e-08 -1.027e-08 -2.209e-08  1.144e-08 -1.821e-09  4.275e-09 -2.617e-09 -1.670e-09 -1.335e-08  2.405e-08 -1.377e-09 -2.818e-08
'MPI5B322  '  2.225e-08 -1.509e-08 -1.646e-08 -7.418e-09  3.603e-08  1.021e-09 -5.329e-09  8.818e-09 -1.478e-09  3.866e-08  1.034e-08  1.863e-08
'MPI4B322  '  2.423e-08 -1.978e-08 -2.034e-08  1.211e-08  4.194e-09  1.549e-11 -3.983e-09  5.006e-09 -6.947e-09  2.854e-08  1.277e-08  3.883e-08
'MPI3B322  '  2.440e-08 -1.695e-08 -1.786e-08  6.987e-09  4.162e-09  5.910e-09 -7.830e-09  7.492e-09  9.797e-09  3.351e-08  6.071e-09  3.223e-08
'MPI2B322  '  3.029e-08 -1.059e-08 -1.895e-08 -2.461e-09  2.434e-09 -2.661e-10 -1.936e-09  9.074e-09  9.440e-09  2.163e-08 -8.310e-09 -5.634e-09
'MPI1B322  '  2.579e-08 -2.148e-08 -1.805e-08 -3.498e-09 -1.518e-09  1.968e-09 -4.355e-09  1.262e-08  1.979e-08  2.552e-08 -9.808e-09 -2.271e-08
'MPI11M322 ' -2.213e-09 -1.161e-08 -3.494e-09 -7.008e-09  1.726e-08 -7.816e-09  1.638e-08 -4.413e-09  3.322e-09  6.492e-09  8.582e-09 -3.287e-08
'MPI1A322  ' -1.034e-09 -8.688e-09 -3.957e-09 -2.661e-09  8.735e-09 -6.966e-09  8.339e-10  7.141e-09  1.231e-08  2.535e-09 -1.214e-08 -3.188e-08
'MPI2A322  ' -7.509e-09 -6.089e-09 -8.892e-09 -1.092e-08  2.249e-09  1.949e-09  3.352e-09 -1.156e-08 -4.615e-09 -5.460e-10 -1.256e-08 -3.289e-08
'MPI3A322  ' -1.062e-08 -8.651e-09 -8.661e-09 -7.843e-09  9.844e-09 -1.309e-08  7.123e-09 -1.359e-08 -3.600e-08 -2.884e-09  6.587e-09 -3.177e-08
'MPI4A322  ' -1.268e-08 -1.296e-08 -5.952e-09 -9.916e-09  9.504e-09 -6.265e-09 -1.136e-11 -3.125e-08 -5.925e-08  2.932e-09 -6.726e-09 -2.709e-08
'MPI5A322  ' -1.473e-08 -1.563e-08 -8.221e-09 -4.861e-09  4.411e-09 -6.352e-09  2.398e-09 -2.416e-08 -2.533e-08  2.025e-09 -7.404e-09 -1.787e-08
'MPI1U157  '  8.948e-10 -8.790e-09  9.730e-08 -1.346e-08 -8.133e-10  3.968e-08  1.201e-08  2.642e-09 -2.308e-09 -1.962e-09 -7.066e-09 -5.422e-09
'MPI2U157  '  1.203e-08 -8.293e-09  1.396e-07 -1.415e-08 -4.357e-10 -1.294e-07 -1.089e-08  1.962e-08  8.780e-09  1.076e-08 -2.246e-08 -1.280e-09
'MPI3U157  '  2.022e-08  1.460e-09  3.406e-08 -2.337e-08 -4.997e-09  1.933e-08 -3.222e-08  3.593e-08  9.646e-08 -5.392e-09 -1.019e-08 -1.621e-10
'MPI4U157  ' -1.445e-08 -2.064e-08  3.142e-08 -1.754e-08 -1.773e-09 -5.572e-08 -2.803e-08  1.198e-08  1.124e-08 -9.479e-09 -6.061e-09 -1.775e-09
'DSL1U180  '  1.256e-07 -2.653e-09 -7.386e-08  8.469e-08  6.946e-10 -3.817e-08  2.285e-08  1.933e-08  6.777e-09  8.641e-08  1.228e-09 -4.689e-09
'DSL2U180  '  1.374e-08 -6.973e-09 -7.585e-08  2.114e-09  3.328e-10 -2.849e-08 -7.950e-08  1.203e-08 -9.938e-09 -1.436e-08 -1.779e-08 -4.358e-09
'DSL3U180  '  2.086e-08  7.343e-09 -1.573e-07  1.076e-09 -6.393e-10 -2.839e-08 -1.776e-07  2.338e-08  6.175e-09 -4.803e-09 -8.057e-09 -5.936e-09
'DSL4U157  '  3.410e-09  7.155e-09 -5.031e-07 -1.196e-08 -8.347e-10 -3.527e-08 -4.685e-08  2.941e-08 -8.641e-09 -1.755e-08 -7.794e-09  4.421e-09
'MPI5U157  '  2.306e-08  4.190e-08 -1.572e-07 -6.027e-08  1.650e-08 -7.896e-08 -1.306e-07  1.518e-07 -2.237e-08 -6.351e-08 -2.922e-08  8.727e-09
'MPI6U157  '  3.254e-08  5.076e-08 -4.753e-08 -2.842e-08  2.028e-08 -6.544e-08 -1.073e-07  8.709e-08 -5.571e-08 -2.839e-08  1.107e-08  5.873e-09
'MPI7U157  '  2.510e-08  4.269e-08 -1.579e-07 -3.689e-08  8.499e-09 -8.375e-08 -1.727e-07  1.678e-07 -2.547e-08 -8.644e-08 -1.376e-08  8.563e-09
'DSL5U157  '  3.038e-08  3.389e-08 -8.566e-08 -1.947e-08  2.663e-08 -3.763e-08 -1.026e-07  1.156e-07 -9.563e-09 -5.163e-08 -6.199e-09  1.696e-08
'DSL6U157  '  0.000e+00  0.000e+00  0.000e+00  0.000e+00  0.000e+00  0.000e+00  0.000e+00  0.000e+00  0.000e+00  0.000e+00  0.000e+00  0.000e+00
'MPI1L180  '  2.403e-08 -1.478e-08  4.535e-08 -1.015e-09  1.116e-08  9.053e-10 -1.095e-08  1.579e-08 -3.761e-08 -5.271e-08 -4.837e-08  4.573e-09
'MPI2L180  '  1.195e-08  2.015e-09  1.536e-08 -3.667e-09  5.686e-08 -2.985e-08  4.194e-08 -3.332e-08 -6.458e-08 -5.107e-08 -1.194e-08  3.355e-09
'MPI3L180  ' -1.141e-08 -1.025e-08  2.388e-08  2.319e-08  2.408e-08 -1.323e-08 -2.188e-08  3.390e-09 -5.756e-08 -5.012e-08 -3.728e-08  2.866e-08
'PSF1A     '  1.534e-07 -6.291e-09  1.037e-07  3.338e-08  2.297e-08 -3.275e-08 -6.499e-08 -5.409e-08  3.563e-08 -5.488e-08  9.435e-08  1.214e-08
'PSF2A     '  3.553e-08 -6.743e-09  2.509e-08  1.003e-08  7.658e-09 -1.114e-08 -1.215e-08 -1.429e-08  5.071e-09 -1.371e-08  2.469e-08  5.143e-09
'PSF3A     '  3.421e-08  4.400e-10  1.287e-08  1.267e-08  3.110e-09 -1.087e-08 -2.177e-08 -1.803e-08  6.049e-09 -1.946e-08  2.554e-08  5.509e-09
'PSF4A     '  2.846e-08 -8.269e-09  1.807e-08  6.025e-09  4.714e-09 -2.954e-09 -1.775e-08 -1.897e-08  4.800e-09 -1.313e-08  2.418e-08  7.946e-09
'PSF5A     '  2.685e-08 -7.072e-09  1.575e-08  9.123e-09  3.463e-09 -4.035e-09 -2.760e-08 -1.912e-08  4.837e-09 -1.309e-08  2.264e-08  5.878e-09
'PSF6NA    '  1.195e-07  9.346e-08  1.090e-07 -2.579e-08 -2.859e-08 -4.025e-08  8.132e-08  8.509e-08  9.880e-08 -3.803e-08 -1.577e-08 -3.236e-08
'PSF7NA    '  0.000e+00  0.000e+00  0.000e+00  0.000e+00  0.000e+00  0.000e+00  0.000e+00  0.000e+00  0.000e+00  0.000e+00  0.000e+00  0.000e+00
'PSF8A     '  2.206e-08 -1.405e-08  1.091e-08  8.153e-09  4.494e-09 -2.985e-09 -2.328e-08 -2.051e-08 -1.757e-09 -1.347e-08  2.159e-08  5.691e-09
'PSF9A     '  6.278e-09 -2.458e-08 -2.578e-09  2.397e-09  4.885e-10 -1.041e-08 -4.029e-08 -3.387e-08 -1.426e-08 -1.398e-08  1.942e-08  4.897e-09
'PSF1B     ' -8.696e-10  5.769e-09  1.044e-08 -5.851e-09  1.025e-09 -3.054e-09  4.660e-09  1.107e-08  1.079e-08 -5.027e-09 -1.639e-08 -4.177e-09
'PSF2B     '  2.612e-09  7.837e-09  7.240e-09 -2.338e-09  1.096e-09  9.286e-10  6.207e-09  1.200e-08  1.620e-08 -1.332e-09 -1.509e-08 -1.012e-10
'PSF3B     '  3.265e-10  6.240e-09  1.114e-08 -2.483e-09  4.873e-09  2.460e-09  2.602e-09  1.728e-08  1.778e-08  7.630e-11 -1.451e-08  3.769e-09
'PSF4B     '  2.969e-09  5.227e-09  1.078e-08  1.811e-09  4.455e-09  6.397e-09  3.431e-09  1.169e-08  1.828e-08  1.621e-09 -1.252e-08  4.545e-09
'PSF5B     '  2.223e-09  4.673e-09  9.236e-09  4.108e-09  5.205e-09  1.077e-08  1.012e-08  1.215e-08  1.597e-08  8.382e-09 -9.715e-09  6.518e-09
'PSF6NB    '  3.052e-08  3.810e-08  4.241e-08 -9.509e-08 -8.882e-08 -9.007e-08  3.697e-08  4.568e-08  4.719e-08 -9.306e-08 -1.053e-07 -9.652e-08
'PSF7NB    '  1.437e-08  2.208e-08  2.509e-08  7.284e-08  7.446e-08  7.789e-08  2.194e-08  3.090e-08  3.243e-08  6.957e-08  6.576e-08  7.212e-08
'PSF8B     '  1.259e-09  6.726e-09  8.878e-09  6.268e-09  1.138e-08  1.059e-08  6.757e-09  1.254e-08  1.597e-08  7.714e-09 -6.110e-09  4.807e-09
'PSF9B     '  7.896e-09  8.055e-09  1.621e-08  1.893e-08  2.454e-08  2.651e-08  1.390e-08  1.888e-08  2.517e-08  1.690e-08  1.058e-08  2.206e-08
'PSI11M    '  2.547e-10  3.970e-09  1.402e-08 -7.392e-09 -1.001e-09 -2.480e-09  1.068e-08  1.416e-08  1.976e-08 -5.097e-09 -1.831e-08 -7.755e-09
'PSI12A    '  1.423e-09 -7.969e-10 -1.609e-09 -4.659e-09 -2.187e-09 -4.344e-09  1.663e-09  1.908e-09 -2.675e-09  1.562e-09  2.300e-09 -2.936e-09
'PSI23A    '  2.410e-10  2.983e-10 -2.134e-09 -1.693e-09 -1.243e-09  2.210e-09 -4.064e-09 -4.693e-09 -7.562e-09  4.112e-09  2.413e-09  2.364e-11
'PSI34A    ' -4.588e-09 -2.694e-09 -3.766e-09  1.566e-10  1.879e-09  2.831e-10 -4.208e-09 -1.337e-08 -1.146e-08  8.368e-09  2.700e-09 -1.788e-09
'PSI45A    ' -6.177e-09 -6.964e-09 -9.312e-09 -2.852e-09 -2.127e-09  1.882e-09 -2.170e-09 -1.090e-08 -1.475e-08  4.109e-09 -1.118e-10 -3.174e-09
'PSI58A    ' -7.616e-09 -8.494e-09 -7.836e-09 -5.013e-09  2.904e-09 -4.769e-09 -8.712e-09 -1.393e-08 -1.555e-08  5.683e-09  1.809e-10 -4.262e-09
'PSI9A     ' -2.381e-08 -2.293e-08 -2.376e-08 -9.536e-09 -5.496e-09 -5.244e-09 -2.587e-08 -2.790e-08 -3.328e-08 -2.947e-09 -3.098e-10 -5.291e-09
'PSF7FA    ' -4.221e-08 -6.426e-08 -4.597e-08 -3.593e-09 -3.827e-09 -1.604e-08 -7.487e-08 -7.150e-08 -5.910e-08 -1.723e-08  6.482e-09 -4.342e-09
'PSI7A     ' -1.380e-07 -1.375e-07 -1.391e-07 -1.564e-08 -1.341e-08 -1.089e-08 -1.385e-07 -1.482e-07 -1.477e-07 -1.358e-08 -8.130e-09 -1.172e-08
'PSF6FA    '  1.410e-07  1.109e-07  1.269e-07 -1.907e-08 -2.055e-08 -2.982e-08  9.387e-08  1.026e-07  1.185e-07 -3.736e-08 -2.451e-09 -2.414e-08
'PSI6A     '  1.699e-07  1.638e-07  1.617e-07 -3.075e-08 -2.696e-08 -2.807e-08  1.675e-07  1.607e-07  1.606e-07 -2.108e-08 -2.265e-08 -3.407e-08
'PSI12B    '  6.202e-09  1.011e-09  1.646e-09  2.071e-09  1.749e-09  1.979e-09  3.121e-09  5.152e-10 -4.073e-09  5.556e-09  1.490e-09  3.211e-10
'PSI23B    '  1.698e-09  1.062e-09  4.351e-10  3.467e-09  4.063e-09  3.338e-09  2.642e-09  7.792e-10 -4.340e-09  8.166e-09  7.144e-09  2.454e-09
'PSI34B    '  6.698e-10  2.782e-09  6.121e-10  3.941e-09  6.935e-09  2.176e-09  6.268e-10 -2.764e-10 -4.392e-09  1.157e-08  8.141e-09  3.086e-09
'PSI45B    '  3.889e-09  4.042e-09  2.665e-09  2.498e-09  7.344e-09  8.380e-09  6.155e-10 -4.916e-09 -2.782e-09  1.353e-08  8.919e-09  6.018e-09
'PSI58B    '  5.527e-09  5.140e-09  3.381e-09  6.952e-09  1.187e-08  7.717e-09  4.158e-09 -6.573e-09 -7.377e-09  2.037e-08  1.058e-08  6.229e-09
'PSI9B     '  7.197e-09  8.153e-09  8.838e-09  2.698e-08  3.111e-08  3.318e-08  9.651e-09  1.931e-09  6.074e-09  3.720e-08  3.413e-08  2.868e-08
'PSF7FB    '  1.257e-08  1.947e-08  1.906e-08  6.707e-08  6.860e-08  6.994e-08  1.764e-08  2.410e-08  2.963e-08  6.959e-08  5.679e-08  6.614e-08
'PSI7B     '  1.065e-08  2.157e-08  1.561e-08  1.243e-07  1.259e-07  1.228e-07  1.423e-08  1.333e-08  8.554e-09  1.316e-07  1.309e-07  1.211e-07
'PSF6FB    '  7.311e-09  1.228e-08  1.347e-08 -5.942e-09 -4.372e-09 -1.690e-09  1.002e-08  1.547e-08  2.526e-08 -7.337e-09 -2.215e-08 -4.617e-09
'PSI6B     '  2.804e-08  2.670e-08  2.629e-08 -1.635e-07 -1.580e-07 -1.586e-07  2.633e-08  2.308e-08  2.122e-08 -1.561e-07 -1.566e-07 -1.605e-07
'PSI89FB   '  1.903e-09  9.653e-09  1.627e-08  6.656e-09  1.664e-08  1.666e-08  9.959e-09  1.460e-08  2.138e-08  1.139e-08  6.260e-10  1.103e-08
'PSI89NB   '  5.342e-09  9.476e-09  1.665e-08  1.744e-08  1.986e-08  1.983e-08  1.229e-08  1.632e-08  2.079e-08  1.449e-08  8.637e-09  1.570e-08
'PSI1L     '  1.336e-08  7.321e-09  1.229e-08  2.342e-08  1.790e-08  1.223e-08 -7.111e-10 -1.165e-09  7.641e-09  1.885e-08  2.460e-08  1.469e-08
'PSI2L     '  1.499e-08  1.326e-08  1.653e-08  2.608e-08  2.685e-08  2.680e-08 -6.699e-09  8.049e-09  1.364e-08  2.721e-08  3.364e-08  2.678e-08
'PSI3L     '  1.599e-08  1.292e-08  1.590e-08  3.582e-08  3.633e-08  3.759e-08  2.979e-09  9.759e-09  1.816e-08  3.335e-08  4.170e-08  4.071e-08
181500        'PCIU30'   'PCIU90'  'PCIU150'   'PCIL30'   'PCIL90'  'PCIL150'  'PCIU210'  'PCIU270'  'PCIU330'  'PCIL210'  'PCIL270'  'PCIL330'
'MPI11M067 ' -2.389e-08  3.229e-08  4.387e-09 -7.027e-09 -1.772e-08  1.167e-08  6.640e-08  1.694e-09 -2.363e-08  2.295e-08  2.753e-08 -2.302e-08
'MPI2A067  ' -3.066e-08  9.728e-09  2.255e-09 -1.333e-08 -9.303e-09  1.540e-08  7.305e-08 -1.420e-10 -2.310e-08  2.073e-08  1.714e-08 -2.575e-08
'MPI2B067  ' -1.550e-08  2.456e-08  6.182e-09  4.177e-09  9.714e-09  1.996e-08  7.057e-08  7.676e-09 -1.829e-08  2.367e-08  3.545e-08 -1.329e-08
'MPI66M067 ' -4.982e-08 -2.620e-08  5.713e-09  1.001e-08  4.543e-08  2.293e-08  7.910e-08  1.227e-08 -2.787e-08  2.804e-08  2.671e-08 -1.651e-08
'MPI67A097 ' -2.121e-08  3.821e-08 -4.729e-10  2.799e-09  2.042e-08  1.456e-08  3.943e-08  3.194e-09 -1.613e-08  1.182e-08  1.115e-08 -2.705e-09
'MPI67B097 ' -2.549e-08 -9.084e-09 -6.331e-09  6.583e-09  1.563e-08  2.325e-08  4.275e-08  7.562e-09 -1.936e-08  7.855e-09  1.316e-08  2.645e-09
'MPI1A139  ' -6.617e-10  7.098e-09  3.046e-08 -4.972e-09 -1.249e-08 -3.423e-08  4.527e-09  2.732e-10  1.129e-09 -1.223e-08 -1.976e-09 -1.199e-09
'MPI2A139  '  1.224e-08  6.022e-09  2.689e-08 -1.557e-09 -1.838e-08 -2.228e-08  1.561e-08 -3.521e-09  4.137e-10  4.765e-10  1.565e-10  4.877e-10
'MPI3A139  '  5.143e-09 -1.947e-09  1.334e-08  6.098e-10 -1.499e-08 -3.166e-08  1.228e-08 -3.306e-09 -6.094e-09 -1.256e-08 -4.743e-09 -4.979e-09
'MPI4A139  ' -1.238e-08 -2.437e-09  7.637e-09 -1.106e-08 -1.859e-08 -2.220e-08 -1.033e-08 -1.677e-09 -4.127e-10 -1.996e-08 -3.051e-09  2.203e-09
'MPI5A139  '  1.499e-09  2.430e-09 -1.467e-08 -1.074e-09 -1.431e-09 -2.125e-08 -4.862e-09 -2.614e-09 -4.087e-10 -1.368e-08  1.919e-09  1.036e-10
'MPI79A147 ' -1.116e-09 -3.558e-09  1.069e-07 -3.137e-09 -3.301e-09  5.782e-09 -9.390e-10 -3.798e-09  8.246e-10 -8.764e-10 -1.241e-09 -1.233e-09
'MPI67A142 '  9.042e-09 -9.768e-09  4.156e-08  1.019e-08  5.394e-09  3.094e-08 -1.728e-09 -5.568e-10  0.000e+00  9.207e-09  7.522e-09  5.793e-09
'MPI67A157 ' -1.895e-08 -4.969e-09  6.541e-10  1.184e-08  1.210e-08  2.825e-08  3.493e-08  4.047e-09 -2.009e-08  9.795e-09  1.245e-08 -6.882e-09
'MPI6NA132 '  1.486e-09  1.614e-09  5.697e-09  3.038e-09  5.715e-09  2.204e-08  6.569e-09  2.709e-09  0.000e+00  4.565e-09  1.333e-09  5.421e-10
'MPI6NA157 '  9.119e-09  1.993e-08  4.213e-08 -8.497e-09 -1.745e-08  4.009e-08  1.144e-08  8.136e-09  5.731e-08 -7.142e-10  2.770e-08 -1.399e-08
'MPI66M157 '  3.749e-09 -5.481e-09 -3.264e-08 -2.435e-10 -1.768e-10  3.971e-08  4.421e-10 -5.344e-09 -7.987e-09 -4.221e-09 -1.359e-08  4.743e-11
'MPI1B157  ' -9.050e-10  1.520e-10  2.339e-08 -2.761e-09 -8.073e-09 -2.868e-08  9.107e-09 -6.645e-09 -8.010e-09 -1.401e-08 -1.170e-08 -3.196e-09
'MPI1B139  '  1.494e-10  1.607e-08  3.519e-08  1.902e-09 -1.188e-08 -2.589e-08  7.756e-09  1.012e-08  2.017e-09 -3.103e-09 -5.303e-09 -6.029e-10
'MPI2B139  '  6.214e-09  6.787e-09  2.935e-08  3.451e-09 -4.566e-09 -2.626e-08  1.893e-08  7.119e-10 -1.149e-09 -2.082e-09  1.368e-09 -1.911e-10
'MPI3B139  '  4.367e-09  1.554e-08  3.315e-08  3.521e-09 -2.515e-09 -1.540e-08  1.009e-08  1.568e-09  3.779e-09 -9.581e-10  6.983e-09  7.068e-09
'MPI4B139  '  5.927e-09  1.115e-08  2.599e-08  2.896e-09  4.116e-11 -1.858e-10  1.284e-08  3.266e-09  9.653e-09 -5.880e-10  1.487e-09  8.519e-09
'MPI5B139  '  1.097e-08  1.032e-08  2.841e-08  1.212e-08  7.581e-09  2.352e-08  9.305e-09  1.570e-09  1.563e-08  1.358e-08  2.245e-09  1.489e-08
'MPI79B142 '  3.417e-11 -2.171e-09 -3.401e-09  2.166e-09  3.078e-09 -3.061e-07 -5.890e-10 -1.401e-09  2.008e-09  3.373e-09 -2.646e-09  1.240e-09
'MPI7NB142 '  5.722e-09  2.972e-08  4.501e-08 -8.387e-09 -2.722e-08  6.562e-08  5.861e-09  9.756e-09  7.495e-08 -1.426e-10  6.442e-08 -1.965e-08
'MPI67B157 ' -2.272e-08  2.491e-09 -1.110e-08  7.385e-09  1.258e-08  3.077e-08  4.034e-08  8.224e-09 -2.152e-08  9.209e-09  7.540e-09 -5.928e-09
'MPI6FB142 '  5.778e-09  1.978e-08  2.221e-08 -8.861e-09 -1.085e-08  1.185e-07  1.559e-09  1.418e-08  3.996e-08 -2.783e-09  3.004e-08 -2.503e-09
'MPI6NB157 ' -1.294e-10 -3.512e-09 -2.741e-08 -2.054e-09  6.017e-10 -2.053e-08 -5.739e-09 -3.406e-09 -8.527e-09 -1.414e-08 -5.083e-09 -1.200e-09
'MPI66M247 ' -2.743e-09 -5.571e-09 -1.916e-08 -4.482e-09 -1.086e-09 -1.425e-08 -5.405e-09 -2.520e-08 -2.945e-08 -1.888e-08  1.278e-08 -1.257e-08
'MPI8A322  ' -1.716e-08 -2.588e-09 -8.804e-09 -1.120e-08  1.459e-08 -5.423e-09  7.797e-09 -1.417e-08 -1.473e-08  2.530e-08  4.106e-09 -7.105e-08
'MPI89A322 '  1.388e-08 -2.888e-08 -3.366e-08  1.511e-09 -2.800e-09  2.067e-09 -1.413e-08 -7.038e-09  1.154e-08  2.752e-08 -3.907e-09  2.417e-08
'MPI9A322  ' -1.632e-08 -7.231e-09 -2.737e-09 -8.150e-10  7.003e-09 -6.655e-09  9.837e-09 -2.461e-08 -4.016e-08 -3.422e-09 -4.990e-09  6.964e-09
'MPI79FA322' -1.181e-08 -6.833e-09 -1.902e-09  2.276e-09  1.231e-08 -6.006e-09  1.015e-08 -1.421e-08  6.753e-08  2.953e-09  4.095e-09 -4.603e-09
'MPI79NA322' -1.521e-08 -1.937e-08 -5.605e-09 -1.039e-09  2.150e-08 -7.881e-09  1.700e-08 -2.352e-08  9.432e-08 -1.600e-10  8.900e-09  1.530e-08
'MPI7FA322 ' -4.032e-09 -8.643e-09 -9.163e-09  2.217e-09  1.083e-08 -2.926e-09  4.882e-09 -2.547e-08  1.209e-07  2.203e-09  5.621e-09  4.449e-09
'MPI7NA322 ' -1.108e-09 -1.142e-08 -3.488e-09  3.886e-09  1.878e-08 -2.744e-09  1.302e-08 -5.823e-09  4.170e-08 -5.827e-10  9.667e-09  8.042e-09
'MPI67A322 ' -9.755e-09 -7.582e-09 -1.388e-09 -5.164e-10  5.013e-09 -1.012e-08  1.494e-08 -1.345e-08 -9.368e-10  8.040e-09  1.019e-08 -5.516e-09
'MPI6FA322 ' -1.222e-09 -1.316e-08 -6.285e-09 -9.762e-10  1.134e-08 -2.481e-09  9.666e-09 -1.781e-08 -1.233e-07  4.924e-10  3.193e-10  1.736e-08
'MPI6NA322 ' -4.923e-09  1.687e-09 -7.873e-09 -5.564e-09  1.161e-08 -3.349e-10  1.036e-08 -4.658e-09 -6.510e-09 -3.022e-09  7.431e-09  2.501e-08
'MPI66M322 ' -7.422e-09 -1.442e-08 -1.368e-09  5.576e-09  1.393e-08  2.875e-09  1.422e-08 -1.150e-08 -5.999e-08  5.208e-09  1.048e-08  5.358e-08
'MPI6NB322 '  1.601e-08 -1.125e-08 -1.481e-08 -5.795e-10 -4.876e-09 -1.535e-09 -3.188e-09 -1.241e-08 -4.142e-08  2.451e-08 -3.656e-09  3.669e-09
'MPI6FB322 '  1.230e-08 -2.750e-08 -2.525e-08  5.705e-09  5.217e-09 -7.221e-10 -1.027e-08 -3.936e-10 -1.591e-08  2.944e-08  5.390e-09  5.402e-08
'MPI67B322 '  1.579e-08 -2.521e-08 -2.116e-08  2.320e-09 -2.443e-09  3.854e-09 -5.338e-09 -1.331e-10 -2.530e-08  2.973e-08 -2.366e-08  1.086e-07
'MPI7NB322 '  1.177e-08 -2.722e-08 -2.655e-08  2.410e-09  2.220e-09 -1.071e-09 -6.678e-09 -8.935e-09 -2.120e-08  3.476e-08 -4.921e-09 -7.747e-08
'MPI7FB322 '  1.732e-08 -2.006e-08 -1.801e-08  1.065e-08 -2.369e-09  6.153e-09 -2.480e-09 -8.104e-09 -2.225e-08  2.762e-08 -3.264e-10 -1.052e-07
'MPI79B322 '  1.376e-08 -2.646e-08 -2.149e-08 -1.186e-09 -6.250e-09  4.082e-09 -4.774e-09 -4.416e-09 -2.088e-08  2.958e-08 -9.968e-09 -6.110e-08
'MPI9B322  '  5.431e-08 -1.257e-08  6.991e-09 -7.489e-09  3.485e-09  4.720e-08 -1.506e-08  3.052e-09  6.019e-09  7.508e-08 -1.297e-08  1.084e-08
'MPI89B322 '  2.752e-08 -2.162e-08 -1.367e-08  1.395e-08  5.965e-09  1.333e-08 -5.650e-09  4.947e-09 -6.753e-10  3.040e-08  1.149e-08 -3.371e-09
'MPI8B322  '  1.923e-08 -1.027e-08 -2.209e-08  1.144e-08 -1.821e-09  4.275e-09 -2.617e-09 -1.670e-09 -1.335e-08  2.405e-08 -1.377e-09 -2.818e-08
'MPI5B322  '  2.225e-08 -1.509e-08 -1.646e-08 -7.418e-09  3.603e-08  1.021e-09 -5.329e-09  8.818e-09 -1.478e-09  3.866e-08  1.034e-08  1.863e-08
'MPI4B322  '  2.423e-08 -1.978e-08 -2.034e-08  1.211e-08  4.194e-09  1.549e-11 -3.983e-09  5.006e-09 -6.947e-09  2.854e-08  1.277e-08  3.883e-08
'MPI3B322  '  2.440e-08 -1.695e-08 -1.786e-08  6.987e-09  4.162e-09  5.910e-09 -7.830e-09  7.492e-09  9.797e-09  3.351e-08  6.071e-09  3.223e-08
'MPI2B322  '  3.029e-08 -1.059e-08 -1.895e-08 -2.461e-09  2.434e-09 -2.661e-10 -1.936e-09  9.074e-09  9.440e-09  2.163e-08 -8.310e-09 -5.634e-09
'MPI1B322  '  2.579e-08 -2.148e-08 -1.805e-08 -3.498e-09 -1.518e-09  1.968e-09 -4.355e-09  1.262e-08  1.979e-08  2.552e-08 -9.808e-09 -2.271e-08
'MPI11M322 ' -2.213e-09 -1.161e-08 -3.494e-09 -7.008e-09  1.726e-08 -7.816e-09  1.638e-08 -4.413e-09  3.322e-09  6.492e-09  8.582e-09 -3.287e-08
'MPI1A322  ' -1.034e-09 -8.688e-09 -3.957e-09 -2.661e-09  8.735e-09 -6.966e-09  8.339e-10  7.141e-09  1.231e-08  2.535e-09 -1.214e-08 -3.188e-08
'MPI2A322  ' -7.509e-09 -6.089e-09 -8.892e-09 -1.092e-08  2.249e-09  1.949e-09  3.352e-09 -1.156e-08 -4.615e-09 -5.460e-10 -1.256e-08 -3.289e-08
'MPI3A322  ' -1.062e-08 -8.651e-09 -8.661e-09 -7.843e-09  9.844e-09 -1.309e-08  7.123e-09 -1.359e-08 -3.600e-08 -2.884e-09  6.587e-09 -3.177e-08
'MPI4A322  ' -1.268e-08 -1.296e-08 -5.952e-09 -9.916e-09  9.504e-09 -6.265e-09 -1.136e-11 -3.125e-08 -5.925e-08  2.932e-09 -6.726e-09 -2.709e-08
'MPI5A322  ' -1.473e-08 -1.563e-08 -8.221e-09 -4.861e-09  4.411e-09 -6.352e-09  2.398e-09 -2.416e-08 -2.533e-08  2.025e-09 -7.404e-09 -1.787e-08
'MPI1U157  '  8.948e-10 -8.790e-09  9.730e-08 -1.346e-08 -8.133e-10  3.968e-08  1.201e-08  2.642e-09 -2.308e-09 -1.962e-09 -7.066e-09 -5.422e-09
'MPI2U157  '  1.203e-08 -8.293e-09  1.396e-07 -1.415e-08 -4.357e-10 -1.294e-07 -1.089e-08  1.962e-08  8.780e-09  1.076e-08 -2.246e-08 -1.280e-09
'MPI3U157  '  2.022e-08  1.460e-09  3.406e-08 -2.337e-08 -4.997e-09  1.933e-08 -3.222e-08  3.593e-08  9.646e-08 -5.392e-09 -1.019e-08 -1.621e-10
'MPI4U157  ' -1.445e-08 -2.064e-08  3.142e-08 -1.754e-08 -1.773e-09 -5.572e-08 -2.803e-08  1.198e-08  1.124e-08 -9.479e-09 -6.061e-09 -1.775e-09
'DSL1U180  '  1.256e-07 -2.653e-09 -7.386e-08  8.469e-08  6.946e-10 -3.817e-08  2.285e-08  1.933e-08  6.777e-09  8.641e-08  1.228e-09 -4.689e-09
'DSL2U180  '  1.374e-08 -6.973e-09 -7.585e-08  2.114e-09  3.328e-10 -2.849e-08 -7.950e-08  1.203e-08 -9.938e-09 -1.436e-08 -1.779e-08 -4.358e-09
'DSL3U180  '  2.086e-08  7.343e-09 -1.573e-07  1.076e-09 -6.393e-10 -2.839e-08 -1.776e-07  2.338e-08  6.175e-09 -4.803e-09 -8.057e-09 -5.936e-09
'DSL4U157  '  3.410e-09  7.155e-09 -5.031e-07 -1.196e-08 -8.347e-10 -3.527e-08 -4.685e-08  2.941e-08 -8.641e-09 -1.755e-08 -7.794e-09  4.421e-09
'MPI5U157  '  2.306e-08  4.190e-08 -1.572e-07 -6.027e-08  1.650e-08 -7.896e-08 -1.306e-07  1.518e-07 -2.237e-08 -6.351e-08 -2.922e-08  8.727e-09
'MPI6U157  '  3.254e-08  5.076e-08 -4.753e-08 -2.842e-08  2.028e-08 -6.544e-08 -1.073e-07  8.709e-08 -5.571e-08 -2.839e-08  1.107e-08  5.873e-09
'MPI7U157  '  2.510e-08  4.269e-08 -1.579e-07 -3.689e-08  8.499e-09 -8.375e-08 -1.727e-07  1.678e-07 -2.547e-08 -8.644e-08 -1.376e-08  8.563e-09
'DSL5U157  '  3.038e-08  3.389e-08 -8.566e-08 -1.947e-08  2.663e-08 -3.763e-08 -1.026e-07  1.156e-07 -9.563e-09 -5.163e-08 -6.199e-09  1.696e-08
'DSL6U157  '  0.000e+00  0.000e+00  0.000e+00  0.000e+00  0.000e+00  0.000e+00  0.000e+00  0.000e+00  0.000e+00  0.000e+00  0.000e+00  0.000e+00
'MPI1L180  '  2.403e-08 -1.478e-08  4.535e-08 -1.015e-09  1.116e-08  9.053e-10 -1.095e-08  1.579e-08 -3.761e-08 -5.271e-08 -4.837e-08  4.573e-09
'MPI2L180  '  1.195e-08  2.015e-09  1.536e-08 -3.667e-09  5.686e-08 -2.985e-08  4.194e-08 -3.332e-08 -6.458e-08 -5.107e-08 -1.194e-08  3.355e-09
'MPI3L180  ' -1.141e-08 -1.025e-08  2.388e-08  2.319e-08  2.408e-08 -1.323e-08 -2.188e-08  3.390e-09 -5.756e-08 -5.012e-08 -3.728e-08  2.866e-08
'PSF1A     '  1.534e-07 -6.291e-09  1.037e-07  3.338e-08  2.297e-08 -3.275e-08 -6.499e-08 -5.409e-08  3.563e-08 -5.488e-08  9.435e-08  1.214e-08
'PSF2A     '  3.553e-08 -6.743e-09  2.509e-08  1.003e-08  7.658e-09 -1.114e-08 -1.215e-08 -1.429e-08  5.071e-09 -1.371e-08  2.469e-08  5.143e-09
'PSF3A     '  3.421e-08  4.400e-10  1.287e-08  1.267e-08  3.110e-09 -1.087e-08 -2.177e-08 -1.803e-08  6.049e-09 -1.946e-08  2.554e-08  5.509e-09
'PSF4A     '  2.846e-08 -8.269e-09  1.807e-08  6.025e-09  4.714e-09 -2.954e-09 -1.775e-08 -1.897e-08  4.800e-09 -1.313e-08  2.418e-08  7.946e-09
'PSF5A     '  2.685e-08 -7.072e-09  1.575e-08  9.123e-09  3.463e-09 -4.035e-09 -2.760e-08 -1.912e-08  4.837e-09 -1.309e-08  2.264e-08  5.878e-09
'PSF6NA    '  1.195e-07  9.346e-08  1.090e-07 -2.579e-08 -2.859e-08 -4.025e-08  8.132e-08  8.509e-08  9.880e-08 -3.803e-08 -1.577e-08 -3.236e-08
'PSF7NA    '  0.000e+00  0.000e+00  0.000e+00  0.000e+00  0.000e+00  0.000e+00  0.000e+00  0.000e+00  0.000e+00  0.000e+00  0.000e+00  0.000e+00
'PSF8A     '  2.206e-08 -1.405e-08  1.091e-08  8.153e-09  4.494e-09 -2.985e-09 -2.328e-08 -2.051e-08 -1.757e-09 -1.347e-08  2.159e-08  5.691e-09
'PSF9A     '  6.278e-09 -2.458e-08 -2.578e-09  2.397e-09  4.885e-10 -1.041e-08 -4.029e-08 -3.387e-08 -1.426e-08 -1.398e-08  1.942e-08  4.897e-09
'PSF1B     ' -8.696e-10  5.769e-09  1.044e-08 -5.851e-09  1.025e-09 -3.054e-09  4.660e-09  1.107e-08  1.079e-08 -5.027e-09 -1.639e-08 -4.177e-09
'PSF2B     '  2.612e-09  7.837e-09  7.240e-09 -2.338e-09  1.096e-09  9.286e-10  6.207e-09  1.200e-08  1.620e-08 -1.332e-09 -1.509e-08 -1.012e-10
'PSF3B     '  3.265e-10  6.240e-09  1.114e-08 -2.483e-09  4.873e-09  2.460e-09  2.602e-09  1.728e-08  1.778e-08  7.630e-11 -1.451e-08  3.769e-09
'PSF4B     '  2.969e-09  5.227e-09  1.078e-08  1.811e-09  4.455e-09  6.397e-09  3.431e-09  1.169e-08  1.828e-08  1.621e-09 -1.252e-08  4.545e-09
'PSF5B     '  2.223e-09  4.673e-09  9.236e-09  4.108e-09  5.205e-09  1.077e-08  1.012e-08  1.215e-08  1.597e-08  8.382e-09 -9.715e-09  6.518e-09
'PSF6NB    '  3.052e-08  3.810e-08  4.241e-08 -9.509e-08 -8.882e-08 -9.007e-08  3.697e-08  4.568e-08  4.719e-08 -9.306e-08 -1.053e-07 -9.652e-08
'PSF7NB    '  1.437e-08  2.208e-08  2.509e-08  7.284e-08  7.446e-08  7.789e-08  2.194e-08  3.090e-08  3.243e-08  6.957e-08  6.576e-08  7.212e-08
'PSF8B     '  1.259e-09  6.726e-09  8.878e-09  6.268e-09  1.138e-08  1.059e-08  6.757e-09  1.254e-08  1.597e-08  7.714e-09 -6.110e-09  4.807e-09
'PSF9B     '  7.896e-09  8.055e-09  1.621e-08  1.893e-08  2.454e-08  2.651e-08  1.390e-08  1.888e-08  2.517e-08  1.690e-08  1.058e-08  2.206e-08
'PSI11M    '  2.547e-10  3.970e-09  1.402e-08 -7.392e-09 -1.001e-09 -2.480e-09  1.068e-08  1.416e-08  1.976e-08 -5.097e-09 -1.831e-08 -7.755e-09
'PSI12A    '  1.423e-09 -7.969e-10 -1.609e-09 -4.659e-09 -2.187e-09 -4.344e-09  1.663e-09  1.908e-09 -2.675e-09  1.562e-09  2.300e-09 -2.936e-09
'PSI23A    '  2.410e-10  2.983e-10 -2.134e-09 -1.693e-09 -1.243e-09  2.210e-09 -4.064e-09 -4.693e-09 -7.562e-09  4.112e-09  2.413e-09  2.364e-11
'PSI34A    ' -4.588e-09 -2.694e-09 -3.766e-09  1.566e-10  1.879e-09  2.831e-10 -4.208e-09 -1.337e-08 -1.146e-08  8.368e-09  2.700e-09 -1.788e-09
'PSI45A    ' -6.177e-09 -6.964e-09 -9.312e-09 -2.852e-09 -2.127e-09  1.882e-09 -2.170e-09 -1.090e-08 -1.475e-08  4.109e-09 -1.118e-10 -3.174e-09
'PSI58A    ' -7.616e-09 -8.494e-09 -7.836e-09 -5.013e-09  2.904e-09 -4.769e-09 -8.712e-09 -1.393e-08 -1.555e-08  5.683e-09  1.809e-10 -4.262e-09
'PSI9A     ' -2.381e-08 -2.293e-08 -2.376e-08 -9.536e-09 -5.496e-09 -5.244e-09 -2.587e-08 -2.790e-08 -3.328e-08 -2.947e-09 -3.098e-10 -5.291e-09
'PSF7FA    ' -4.221e-08 -6.426e-08 -4.597e-08 -3.593e-09 -3.827e-09 -1.604e-08 -7.487e-08 -7.150e-08 -5.910e-08 -1.723e-08  6.482e-09 -4.342e-09
'PSI7A     ' -1.380e-07 -1.375e-07 -1.391e-07 -1.564e-08 -1.341e-08 -1.089e-08 -1.385e-07 -1.482e-07 -1.477e-07 -1.358e-08 -8.130e-09 -1.172e-08
'PSF6FA    '  1.410e-07  1.109e-07  1.269e-07 -1.907e-08 -2.055e-08 -2.982e-08  9.387e-08  1.026e-07  1.185e-07 -3.736e-08 -2.451e-09 -2.414e-08
'PSI6A     '  1.699e-07  1.638e-07  1.617e-07 -3.075e-08 -2.696e-08 -2.807e-08  1.675e-07  1.607e-07  1.606e-07 -2.108e-08 -2.265e-08 -3.407e-08
'PSI12B    '  6.202e-09  1.011e-09  1.646e-09  2.071e-09  1.749e-09  1.979e-09  3.121e-09  5.152e-10 -4.073e-09  5.556e-09  1.490e-09  3.211e-10
'PSI23B    '  1.698e-09  1.062e-09  4.351e-10  3.467e-09  4.063e-09  3.338e-09  2.642e-09  7.792e-10 -4.340e-09  8.166e-09  7.144e-09  2.454e-09
'PSI34B    '  6.698e-10  2.782e-09  6.121e-10  3.941e-09  6.935e-09  2.176e-09  6.268e-10 -2.764e-10 -4.392e-09  1.157e-08  8.141e-09  3.086e-09
'PSI45B    '  3.889e-09  4.042e-09  2.665e-09  2.498e-09  7.344e-09  8.380e-09  6.155e-10 -4.916e-09 -2.782e-09  1.353e-08  8.919e-09  6.018e-09
'PSI58B    '  5.527e-09  5.140e-09  3.381e-09  6.952e-09  1.187e-08  7.717e-09  4.158e-09 -6.573e-09 -7.377e-09  2.037e-08  1.058e-08  6.229e-09
'PSI9B     '  7.197e-09  8.153e-09  8.838e-09  2.698e-08  3.111e-08  3.318e-08  9.651e-09  1.931e-09  6.074e-09  3.720e-08  3.413e-08  2.868e-08
'PSF7FB    '  1.257e-08  1.947e-08  1.906e-08  6.707e-08  6.860e-08  6.994e-08  1.764e-08  2.410e-08  2.963e-08  6.959e-08  5.679e-08  6.614e-08
'PSI7B     '  1.065e-08  2.157e-08  1.561e-08  1.243e-07  1.259e-07  1.228e-07  1.423e-08  1.333e-08  8.554e-09  1.316e-07  1.309e-07  1.211e-07
'PSF6FB    '  7.311e-09  1.228e-08  1.347e-08 -5.942e-09 -4.372e-09 -1.690e-09  1.002e-08  1.547e-08  2.526e-08 -7.337e-09 -2.215e-08 -4.617e-09
'PSI6B     '  2.804e-08  2.670e-08  2.629e-08 -1.635e-07 -1.580e-07 -1.586e-07  2.633e-08  2.308e-08  2.122e-08 -1.561e-07 -1.566e-07 -1.605e-07
'PSI89FB   '  1.903e-09  9.653e-09  1.627e-08  6.656e-09  1.664e-08  1.666e-08  9.959e-09  1.460e-08  2.138e-08  1.139e-08  6.260e-10  1.103e-08
'PSI89NB   '  5.342e-09  9.476e-09  1.665e-08  1.744e-08  1.986e-08  1.983e-08  1.229e-08  1.632e-08  2.079e-08  1.449e-08  8.637e-09  1.570e-08
'PSI1L     '  1.336e-08  7.321e-09  1.229e-08  2.342e-08  1.790e-08  1.223e-08 -7.111e-10 -1.165e-09  7.641e-09  1.885e-08  2.460e-08  1.469e-08
'PSI2L     '  1.499e-08  1.326e-08  1.653e-08  2.608e-08  2.685e-08  2.680e-08 -6.699e-09  8.049e-09  1.364e-08  2.721e-08  3.364e-08  2.678e-08
'PSI3L     '  1.599e-08  1.292e-08  1.590e-08  3.582e-08  3.633e-08  3.759e-08  2.979e-09  9.759e-09  1.816e-08  3.335e-08  4.170e-08  4.071e-08
 156163        'PCIU30'   'PCIU90'  'PCIU150'   'PCIL30'   'PCIL90'  'PCIL150'  'PCIU210'  'PCIU270'  'PCIU330'  'PCIL210'  'PCIL270'  'PCIL330'
'MPI11M067 ' -2.389e-08  3.229e-08  4.387e-09 -7.027e-09 -1.772e-08  1.167e-08  6.640e-08  1.694e-09 -2.363e-08  2.295e-08  2.753e-08 -2.302e-08
'MPI2A067  ' -3.066e-08  9.728e-09  2.255e-09 -1.333e-08 -9.303e-09  1.540e-08  7.305e-08 -1.420e-10 -2.310e-08  2.073e-08  1.714e-08 -2.575e-08
'MPI2B067  ' -1.550e-08  2.456e-08  6.182e-09  4.177e-09  9.714e-09  1.996e-08  7.057e-08  7.676e-09 -1.829e-08  2.367e-08  3.545e-08 -1.329e-08
'MPI66M067 ' -4.982e-08 -2.620e-08  5.713e-09  1.001e-08  4.543e-08  2.293e-08  7.910e-08  1.227e-08 -2.787e-08  2.804e-08  2.671e-08 -1.651e-08
'MPI67A067 ' -2.121e-08  3.821e-08 -4.729e-10  2.799e-09  2.042e-08  1.456e-08  3.943e-08  3.194e-09 -1.613e-08  1.182e-08  1.115e-08 -2.705e-09
'MPI67B067 ' -2.549e-08 -9.084e-09 -6.331e-09  6.583e-09  1.563e-08  2.325e-08  4.275e-08  7.562e-09 -1.936e-08  7.855e-09  1.316e-08  2.645e-09
'MPI1A139  ' -6.617e-10  7.098e-09  3.046e-08 -4.972e-09 -1.249e-08 -3.423e-08  4.527e-09  2.732e-10  1.129e-09 -1.223e-08 -1.976e-09 -1.199e-09
'MPI2A139  '  1.224e-08  6.022e-09  2.689e-08 -1.557e-09 -1.838e-08 -2.228e-08  1.561e-08 -3.521e-09  4.137e-10  4.765e-10  1.565e-10  4.877e-10
'MPI3A139  '  5.143e-09 -1.947e-09  1.334e-08  6.098e-10 -1.499e-08 -3.166e-08  1.228e-08 -3.306e-09 -6.094e-09 -1.256e-08 -4.743e-09 -4.979e-09
'MPI4A139  ' -1.238e-08 -2.437e-09  7.637e-09 -1.106e-08 -1.859e-08 -2.220e-08 -1.033e-08 -1.677e-09 -4.127e-10 -1.996e-08 -3.051e-09  2.203e-09
'MPI5A139  '  1.499e-09  2.430e-09 -1.467e-08 -1.074e-09 -1.431e-09 -2.125e-08 -4.862e-09 -2.614e-09 -4.087e-10 -1.368e-08  1.919e-09  1.036e-10
'MPI79A147 ' -1.116e-09 -3.558e-09  1.069e-07 -3.137e-09 -3.301e-09  5.782e-09 -9.390e-10 -3.798e-09  8.246e-10 -8.764e-10 -1.241e-09 -1.233e-09
'MPI7NA142 '  4.652e-09  2.294e-08  1.255e-07 -6.819e-09 -1.850e-08  2.273e-08  5.188e-09  1.226e-08  5.750e-08 -2.257e-09  4.097e-08 -1.672e-08
'MPI67A3   ' -1.895e-08 -4.969e-09  6.541e-10  1.184e-08  1.210e-08  2.825e-08  3.493e-08  4.047e-09 -2.009e-08  9.795e-09  1.245e-08 -6.882e-09
'MPI6FA142 '  4.304e-09  1.914e-08  4.732e-08 -2.120e-08 -1.721e-08  1.572e-08  1.625e-09  1.187e-08  5.735e-08 -2.542e-09  3.600e-08 -1.457e-08
'MPI6NA157 '  9.119e-09  1.993e-08  4.213e-08 -8.497e-09 -1.745e-08  4.009e-08  1.144e-08  8.136e-09  5.731e-08 -7.142e-10  2.770e-08 -1.399e-08
'MPI66M157 '  3.749e-09 -5.481e-09 -3.264e-08 -2.435e-10 -1.768e-10  3.971e-08  4.421e-10 -5.344e-09 -7.987e-09 -4.221e-09 -1.359e-08  4.743e-11
'MPI1B157  ' -9.050e-10  1.520e-10  2.339e-08 -2.761e-09 -8.073e-09 -2.868e-08  9.107e-09 -6.645e-09 -8.010e-09 -1.401e-08 -1.170e-08 -3.196e-09
'MPI1B139  '  1.494e-10  1.607e-08  3.519e-08  1.902e-09 -1.188e-08 -2.589e-08  7.756e-09  1.012e-08  2.017e-09 -3.103e-09 -5.303e-09 -6.029e-10
'MPI2B139  '  6.214e-09  6.787e-09  2.935e-08  3.451e-09 -4.566e-09 -2.626e-08  1.893e-08  7.119e-10 -1.149e-09 -2.082e-09  1.368e-09 -1.911e-10
'MPI3B139  '  4.367e-09  1.554e-08  3.315e-08  3.521e-09 -2.515e-09 -1.540e-08  1.009e-08  1.568e-09  3.779e-09 -9.581e-10  6.983e-09  7.068e-09
'MPI4B139  '  5.927e-09  1.115e-08  2.599e-08  2.896e-09  4.116e-11 -1.858e-10  1.284e-08  3.266e-09  9.653e-09 -5.880e-10  1.487e-09  8.519e-09
'MPI5B139  '  1.097e-08  1.032e-08  2.841e-08  1.212e-08  7.581e-09  2.352e-08  9.305e-09  1.570e-09  1.563e-08  1.358e-08  2.245e-09  1.489e-08
'MPI79B142 '  3.417e-11 -2.171e-09 -3.401e-09  2.166e-09  3.078e-09 -3.061e-07 -5.890e-10 -1.401e-09  2.008e-09  3.373e-09 -2.646e-09  1.240e-09
'MPI7NB142 '  5.722e-09  2.972e-08  4.501e-08 -8.387e-09 -2.722e-08  6.562e-08  5.861e-09  9.756e-09  7.495e-08 -1.426e-10  6.442e-08 -1.965e-08
'MPI67B3   ' -2.272e-08  2.491e-09 -1.110e-08  7.385e-09  1.258e-08  3.077e-08  4.034e-08  8.224e-09 -2.152e-08  9.209e-09  7.540e-09 -5.928e-09
'MPI6FB142 '  5.778e-09  1.978e-08  2.221e-08 -8.861e-09 -1.085e-08  1.185e-07  1.559e-09  1.418e-08  3.996e-08 -2.783e-09  3.004e-08 -2.503e-09
'MPI6NB157 ' -1.294e-10 -3.512e-09 -2.741e-08 -2.054e-09  6.017e-10 -2.053e-08 -5.739e-09 -3.406e-09 -8.527e-09 -1.414e-08 -5.083e-09 -1.200e-09
'MPI66M247 ' -2.743e-09 -5.571e-09 -1.916e-08 -4.482e-09 -1.086e-09 -1.425e-08 -5.405e-09 -2.520e-08 -2.945e-08 -1.888e-08  1.278e-08 -1.257e-08
'MPI8A322  ' -1.716e-08 -2.588e-09 -8.804e-09 -1.120e-08  1.459e-08 -5.423e-09  7.797e-09 -1.417e-08 -1.473e-08  2.530e-08  4.106e-09 -7.105e-08
'MPI89A322 '  1.388e-08 -2.888e-08 -3.366e-08  1.511e-09 -2.800e-09  2.067e-09 -1.413e-08 -7.038e-09  1.154e-08  2.752e-08 -3.907e-09  2.417e-08
'MPI9A322  ' -1.632e-08 -7.231e-09 -2.737e-09 -8.150e-10  7.003e-09 -6.655e-09  9.837e-09 -2.461e-08 -4.016e-08 -3.422e-09 -4.990e-09  6.964e-09
'MPI79FA322' -1.181e-08 -6.833e-09 -1.902e-09  2.276e-09  1.231e-08 -6.006e-09  1.015e-08 -1.421e-08  6.753e-08  2.953e-09  4.095e-09 -4.603e-09
'MPI79NA322' -1.521e-08 -1.937e-08 -5.605e-09 -1.039e-09  2.150e-08 -7.881e-09  1.700e-08 -2.352e-08  9.432e-08 -1.600e-10  8.900e-09  1.530e-08
'MPI7FA322 ' -4.032e-09 -8.643e-09 -9.163e-09  2.217e-09  1.083e-08 -2.926e-09  4.882e-09 -2.547e-08  1.209e-07  2.203e-09  5.621e-09  4.449e-09
'MPI7NA322 ' -1.108e-09 -1.142e-08 -3.488e-09  3.886e-09  1.878e-08 -2.744e-09  1.302e-08 -5.823e-09  4.170e-08 -5.827e-10  9.667e-09  8.042e-09
'MPI67A322 ' -9.755e-09 -7.582e-09 -1.388e-09 -5.164e-10  5.013e-09 -1.012e-08  1.494e-08 -1.345e-08 -9.368e-10  8.040e-09  1.019e-08 -5.516e-09
'MPI6FA322 ' -1.222e-09 -1.316e-08 -6.285e-09 -9.762e-10  1.134e-08 -2.481e-09  9.666e-09 -1.781e-08 -1.233e-07  4.924e-10  3.193e-10  1.736e-08
'MPI6NA322 ' -4.923e-09  1.687e-09 -7.873e-09 -5.564e-09  1.161e-08 -3.349e-10  1.036e-08 -4.658e-09 -6.510e-09 -3.022e-09  7.431e-09  2.501e-08
'MPI66M322 ' -7.422e-09 -1.442e-08 -1.368e-09  5.576e-09  1.393e-08  2.875e-09  1.422e-08 -1.150e-08 -5.999e-08  5.208e-09  1.048e-08  5.358e-08
'MPI6NB322 '  1.601e-08 -1.125e-08 -1.481e-08 -5.795e-10 -4.876e-09 -1.535e-09 -3.188e-09 -1.241e-08 -4.142e-08  2.451e-08 -3.656e-09  3.669e-09
'MPI6FB322 '  1.230e-08 -2.750e-08 -2.525e-08  5.705e-09  5.217e-09 -7.221e-10 -1.027e-08 -3.936e-10 -1.591e-08  2.944e-08  5.390e-09  5.402e-08
'MPI67B322 '  1.579e-08 -2.521e-08 -2.116e-08  2.320e-09 -2.443e-09  3.854e-09 -5.338e-09 -1.331e-10 -2.530e-08  2.973e-08 -2.366e-08  1.086e-07
'MPI7NB322 '  1.177e-08 -2.722e-08 -2.655e-08  2.410e-09  2.220e-09 -1.071e-09 -6.678e-09 -8.935e-09 -2.120e-08  3.476e-08 -4.921e-09 -7.747e-08
'MPI7FB322 '  1.732e-08 -2.006e-08 -1.801e-08  1.065e-08 -2.369e-09  6.153e-09 -2.480e-09 -8.104e-09 -2.225e-08  2.762e-08 -3.264e-10 -1.052e-07
'MPI79B322 '  1.376e-08 -2.646e-08 -2.149e-08 -1.186e-09 -6.250e-09  4.082e-09 -4.774e-09 -4.416e-09 -2.088e-08  2.958e-08 -9.968e-09 -6.110e-08
'MPI9B322  '  5.431e-08 -1.257e-08  6.991e-09 -7.489e-09  3.485e-09  4.720e-08 -1.506e-08  3.052e-09  6.019e-09  7.508e-08 -1.297e-08  1.084e-08
'MPI89B322 '  2.752e-08 -2.162e-08 -1.367e-08  1.395e-08  5.965e-09  1.333e-08 -5.650e-09  4.947e-09 -6.753e-10  3.040e-08  1.149e-08 -3.371e-09
'MPI8B322  '  1.923e-08 -1.027e-08 -2.209e-08  1.144e-08 -1.821e-09  4.275e-09 -2.617e-09 -1.670e-09 -1.335e-08  2.405e-08 -1.377e-09 -2.818e-08
'MPI5B322  '  2.225e-08 -1.509e-08 -1.646e-08 -7.418e-09  3.603e-08  1.021e-09 -5.329e-09  8.818e-09 -1.478e-09  3.866e-08  1.034e-08  1.863e-08
'MPI4B322  '  2.423e-08 -1.978e-08 -2.034e-08  1.211e-08  4.194e-09  1.549e-11 -3.983e-09  5.006e-09 -6.947e-09  2.854e-08  1.277e-08  3.883e-08
'MPI3B322  '  2.440e-08 -1.695e-08 -1.786e-08  6.987e-09  4.162e-09  5.910e-09 -7.830e-09  7.492e-09  9.797e-09  3.351e-08  6.071e-09  3.223e-08
'MPI2B322  '  3.029e-08 -1.059e-08 -1.895e-08 -2.461e-09  2.434e-09 -2.661e-10 -1.936e-09  9.074e-09  9.440e-09  2.163e-08 -8.310e-09 -5.634e-09
'MPI1B322  '  2.579e-08 -2.148e-08 -1.805e-08 -3.498e-09 -1.518e-09  1.968e-09 -4.355e-09  1.262e-08  1.979e-08  2.552e-08 -9.808e-09 -2.271e-08
'MPI11M322 ' -2.213e-09 -1.161e-08 -3.494e-09 -7.008e-09  1.726e-08 -7.816e-09  1.638e-08 -4.413e-09  3.322e-09  6.492e-09  8.582e-09 -3.287e-08
'MPI1A322  ' -1.034e-09 -8.688e-09 -3.957e-09 -2.661e-09  8.735e-09 -6.966e-09  8.339e-10  7.141e-09  1.231e-08  2.535e-09 -1.214e-08 -3.188e-08
'MPI2A322  ' -7.509e-09 -6.089e-09 -8.892e-09 -1.092e-08  2.249e-09  1.949e-09  3.352e-09 -1.156e-08 -4.615e-09 -5.460e-10 -1.256e-08 -3.289e-08
'MPI3A322  ' -1.062e-08 -8.651e-09 -8.661e-09 -7.843e-09  9.844e-09 -1.309e-08  7.123e-09 -1.359e-08 -3.600e-08 -2.884e-09  6.587e-09 -3.177e-08
'MPI4A322  ' -1.268e-08 -1.296e-08 -5.952e-09 -9.916e-09  9.504e-09 -6.265e-09 -1.136e-11 -3.125e-08 -5.925e-08  2.932e-09 -6.726e-09 -2.709e-08
'MPI5A322  ' -1.473e-08 -1.563e-08 -8.221e-09 -4.861e-09  4.411e-09 -6.352e-09  2.398e-09 -2.416e-08 -2.533e-08  2.025e-09 -7.404e-09 -1.787e-08
'MPI1U157  '  8.948e-10 -8.790e-09  9.730e-08 -1.346e-08 -8.133e-10  3.968e-08  1.201e-08  2.642e-09 -2.308e-09 -1.962e-09 -7.066e-09 -5.422e-09
'MPI2U157  '  1.203e-08 -8.293e-09  1.396e-07 -1.415e-08 -4.357e-10 -1.294e-07 -1.089e-08  1.962e-08  8.780e-09  1.076e-08 -2.246e-08 -1.280e-09
'MPI3U157  '  2.022e-08  1.460e-09  3.406e-08 -2.337e-08 -4.997e-09  1.933e-08 -3.222e-08  3.593e-08  9.646e-08 -5.392e-09 -1.019e-08 -1.621e-10
'MPI4U157  ' -1.445e-08 -2.064e-08  3.142e-08 -1.754e-08 -1.773e-09 -5.572e-08 -2.803e-08  1.198e-08  1.124e-08 -9.479e-09 -6.061e-09 -1.775e-09
'DSL1U180  '  1.256e-07 -2.653e-09 -7.386e-08  8.469e-08  6.946e-10 -3.817e-08  2.285e-08  1.933e-08  6.777e-09  8.641e-08  1.228e-09 -4.689e-09
'DSL2U180  '  1.374e-08 -6.973e-09 -7.585e-08  2.114e-09  3.328e-10 -2.849e-08 -7.950e-08  1.203e-08 -9.938e-09 -1.436e-08 -1.779e-08 -4.358e-09
'DSL3U180  '  2.086e-08  7.343e-09 -1.573e-07  1.076e-09 -6.393e-10 -2.839e-08 -1.776e-07  2.338e-08  6.175e-09 -4.803e-09 -8.057e-09 -5.936e-09
'DSL4U157  '  3.410e-09  7.155e-09 -5.031e-07 -1.196e-08 -8.347e-10 -3.527e-08 -4.685e-08  2.941e-08 -8.641e-09 -1.755e-08 -7.794e-09  4.421e-09
'MPI5U157  '  2.306e-08  4.190e-08 -1.572e-07 -6.027e-08  1.650e-08 -7.896e-08 -1.306e-07  1.518e-07 -2.237e-08 -6.351e-08 -2.922e-08  8.727e-09
'MPI6U157  '  3.254e-08  5.076e-08 -4.753e-08 -2.842e-08  2.028e-08 -6.544e-08 -1.073e-07  8.709e-08 -5.571e-08 -2.839e-08  1.107e-08  5.873e-09
'MPI7U157  '  2.510e-08  4.269e-08 -1.579e-07 -3.689e-08  8.499e-09 -8.375e-08 -1.727e-07  1.678e-07 -2.547e-08 -8.644e-08 -1.376e-08  8.563e-09
'DSL5U157  '  3.038e-08  3.389e-08 -8.566e-08 -1.947e-08  2.663e-08 -3.763e-08 -1.026e-07  1.156e-07 -9.563e-09 -5.163e-08 -6.199e-09  1.696e-08
'DSL6U157  '  0.000e+00  0.000e+00  0.000e+00  0.000e+00  0.000e+00  0.000e+00  0.000e+00  0.000e+00  0.000e+00  0.000e+00  0.000e+00  0.000e+00
'MPI1L180  '  2.403e-08 -1.478e-08  4.535e-08 -1.015e-09  1.116e-08  9.053e-10 -1.095e-08  1.579e-08 -3.761e-08 -5.271e-08 -4.837e-08  4.573e-09
'MPI2L180  '  1.195e-08  2.015e-09  1.536e-08 -3.667e-09  5.686e-08 -2.985e-08  4.194e-08 -3.332e-08 -6.458e-08 -5.107e-08 -1.194e-08  3.355e-09
'MPI3L180  ' -1.141e-08 -1.025e-08  2.388e-08  2.319e-08  2.408e-08 -1.323e-08 -2.188e-08  3.390e-09 -5.756e-08 -5.012e-08 -3.728e-08  2.866e-08
'PSF1A     '  1.534e-07 -6.291e-09  1.037e-07  3.338e-08  2.297e-08 -3.275e-08 -6.499e-08 -5.409e-08  3.563e-08 -5.488e-08  9.435e-08  1.214e-08
'PSF2A     '  3.553e-08 -6.743e-09  2.509e-08  1.003e-08  7.658e-09 -1.114e-08 -1.215e-08 -1.429e-08  5.071e-09 -1.371e-08  2.469e-08  5.143e-09
'PSF3A     '  3.421e-08  4.400e-10  1.287e-08  1.267e-08  3.110e-09 -1.087e-08 -2.177e-08 -1.803e-08  6.049e-09 -1.946e-08  2.554e-08  5.509e-09
'PSF4A     '  2.846e-08 -8.269e-09  1.807e-08  6.025e-09  4.714e-09 -2.954e-09 -1.775e-08 -1.897e-08  4.800e-09 -1.313e-08  2.418e-08  7.946e-09
'PSF5A     '  2.685e-08 -7.072e-09  1.575e-08  9.123e-09  3.463e-09 -4.035e-09 -2.760e-08 -1.912e-08  4.837e-09 -1.309e-08  2.264e-08  5.878e-09
'PSF6NA    '  1.195e-07  9.346e-08  1.090e-07 -2.579e-08 -2.859e-08 -4.025e-08  8.132e-08  8.509e-08  9.880e-08 -3.803e-08 -1.577e-08 -3.236e-08
'PSF7NA    '  0.000e+00  0.000e+00  0.000e+00  0.000e+00  0.000e+00  0.000e+00  0.000e+00  0.000e+00  0.000e+00  0.000e+00  0.000e+00  0.000e+00
'PSF8A     '  2.206e-08 -1.405e-08  1.091e-08  8.153e-09  4.494e-09 -2.985e-09 -2.328e-08 -2.051e-08 -1.757e-09 -1.347e-08  2.159e-08  5.691e-09
'PSF9A     '  6.278e-09 -2.458e-08 -2.578e-09  2.397e-09  4.885e-10 -1.041e-08 -4.029e-08 -3.387e-08 -1.426e-08 -1.398e-08  1.942e-08  4.897e-09
'PSF1B     ' -8.696e-10  5.769e-09  1.044e-08 -5.851e-09  1.025e-09 -3.054e-09  4.660e-09  1.107e-08  1.079e-08 -5.027e-09 -1.639e-08 -4.177e-09
'PSF2B     '  2.612e-09  7.837e-09  7.240e-09 -2.338e-09  1.096e-09  9.286e-10  6.207e-09  1.200e-08  1.620e-08 -1.332e-09 -1.509e-08 -1.012e-10
'PSF3B     '  3.265e-10  6.240e-09  1.114e-08 -2.483e-09  4.873e-09  2.460e-09  2.602e-09  1.728e-08  1.778e-08  7.630e-11 -1.451e-08  3.769e-09
'PSF4B     '  2.969e-09  5.227e-09  1.078e-08  1.811e-09  4.455e-09  6.397e-09  3.431e-09  1.169e-08  1.828e-08  1.621e-09 -1.252e-08  4.545e-09
'PSF5B     '  2.223e-09  4.673e-09  9.236e-09  4.108e-09  5.205e-09  1.077e-08  1.012e-08  1.215e-08  1.597e-08  8.382e-09 -9.715e-09  6.518e-09
'PSF6NB    '  3.052e-08  3.810e-08  4.241e-08 -9.509e-08 -8.882e-08 -9.007e-08  3.697e-08  4.568e-08  4.719e-08 -9.306e-08 -1.053e-07 -9.652e-08
'PSF7NB    '  1.437e-08  2.208e-08  2.509e-08  7.284e-08  7.446e-08  7.789e-08  2.194e-08  3.090e-08  3.243e-08  6.957e-08  6.576e-08  7.212e-08
'PSF8B     '  1.259e-09  6.726e-09  8.878e-09  6.268e-09  1.138e-08  1.059e-08  6.757e-09  1.254e-08  1.597e-08  7.714e-09 -6.110e-09  4.807e-09
'PSF9B     '  7.896e-09  8.055e-09  1.621e-08  1.893e-08  2.454e-08  2.651e-08  1.390e-08  1.888e-08  2.517e-08  1.690e-08  1.058e-08  2.206e-08
'PSI11M    '  2.547e-10  3.970e-09  1.402e-08 -7.392e-09 -1.001e-09 -2.480e-09  1.068e-08  1.416e-08  1.976e-08 -5.097e-09 -1.831e-08 -7.755e-09
'PSI12A    '  1.423e-09 -7.969e-10 -1.609e-09 -4.659e-09 -2.187e-09 -4.344e-09  1.663e-09  1.908e-09 -2.675e-09  1.562e-09  2.300e-09 -2.936e-09
'PSI23A    '  2.410e-10  2.983e-10 -2.134e-09 -1.693e-09 -1.243e-09  2.210e-09 -4.064e-09 -4.693e-09 -7.562e-09  4.112e-09  2.413e-09  2.364e-11
'PSI34A    ' -4.588e-09 -2.694e-09 -3.766e-09  1.566e-10  1.879e-09  2.831e-10 -4.208e-09 -1.337e-08 -1.146e-08  8.368e-09  2.700e-09 -1.788e-09
'PSI45A    ' -6.177e-09 -6.964e-09 -9.312e-09 -2.852e-09 -2.127e-09  1.882e-09 -2.170e-09 -1.090e-08 -1.475e-08  4.109e-09 -1.118e-10 -3.174e-09
'PSI58A    ' -7.616e-09 -8.494e-09 -7.836e-09 -5.013e-09  2.904e-09 -4.769e-09 -8.712e-09 -1.393e-08 -1.555e-08  5.683e-09  1.809e-10 -4.262e-09
'PSI9A     ' -2.381e-08 -2.293e-08 -2.376e-08 -9.536e-09 -5.496e-09 -5.244e-09 -2.587e-08 -2.790e-08 -3.328e-08 -2.947e-09 -3.098e-10 -5.291e-09
'PSF7FA    ' -4.221e-08 -6.426e-08 -4.597e-08 -3.593e-09 -3.827e-09 -1.604e-08 -7.487e-08 -7.150e-08 -5.910e-08 -1.723e-08  6.482e-09 -4.342e-09
'PSI7A     ' -1.380e-07 -1.375e-07 -1.391e-07 -1.564e-08 -1.341e-08 -1.089e-08 -1.385e-07 -1.482e-07 -1.477e-07 -1.358e-08 -8.130e-09 -1.172e-08
'PSF6FA    '  1.410e-07  1.109e-07  1.269e-07 -1.907e-08 -2.055e-08 -2.982e-08  9.387e-08  1.026e-07  1.185e-07 -3.736e-08 -2.451e-09 -2.414e-08
'PSI6A     '  1.699e-07  1.638e-07  1.617e-07 -3.075e-08 -2.696e-08 -2.807e-08  1.675e-07  1.607e-07  1.606e-07 -2.108e-08 -2.265e-08 -3.407e-08
'PSI12B    '  6.202e-09  1.011e-09  1.646e-09  2.071e-09  1.749e-09  1.979e-09  3.121e-09  5.152e-10 -4.073e-09  5.556e-09  1.490e-09  3.211e-10
'PSI23B    '  1.698e-09  1.062e-09  4.351e-10  3.467e-09  4.063e-09  3.338e-09  2.642e-09  7.792e-10 -4.340e-09  8.166e-09  7.144e-09  2.454e-09
'PSI34B    '  6.698e-10  2.782e-09  6.121e-10  3.941e-09  6.935e-09  2.176e-09  6.268e-10 -2.764e-10 -4.392e-09  1.157e-08  8.141e-09  3.086e-09
'PSI45B    '  3.889e-09  4.042e-09  2.665e-09  2.498e-09  7.344e-09  8.380e-09  6.155e-10 -4.916e-09 -2.782e-09  1.353e-08  8.919e-09  6.018e-09
'PSI58B    '  5.527e-09  5.140e-09  3.381e-09  6.952e-09  1.187e-08  7.717e-09  4.158e-09 -6.573e-09 -7.377e-09  2.037e-08  1.058e-08  6.229e-09
'PSI9B     '  7.197e-09  8.153e-09  8.838e-09  2.698e-08  3.111e-08  3.318e-08  9.651e-09  1.931e-09  6.074e-09  3.720e-08  3.413e-08  2.868e-08
'PSF7FB    '  1.257e-08  1.947e-08  1.906e-08  6.707e-08  6.860e-08  6.994e-08  1.764e-08  2.410e-08  2.963e-08  6.959e-08  5.679e-08  6.614e-08
'PSI7B     '  1.065e-08  2.157e-08  1.561e-08  1.243e-07  1.259e-07  1.228e-07  1.423e-08  1.333e-08  8.554e-09  1.316e-07  1.309e-07  1.211e-07
'PSF6FB    '  7.311e-09  1.228e-08  1.347e-08 -5.942e-09 -4.372e-09 -1.690e-09  1.002e-08  1.547e-08  2.526e-08 -7.337e-09 -2.215e-08 -4.617e-09
'PSI6B     '  2.804e-08  2.670e-08  2.629e-08 -1.635e-07 -1.580e-07 -1.586e-07  2.633e-08  2.308e-08  2.122e-08 -1.561e-07 -1.566e-07 -1.605e-07
'PSI89FB   '  1.903e-09  9.653e-09  1.627e-08  6.656e-09  1.664e-08  1.666e-08  9.959e-09  1.460e-08  2.138e-08  1.139e-08  6.260e-10  1.103e-08
'PSI89NB   '  5.342e-09  9.476e-09  1.665e-08  1.744e-08  1.986e-08  1.983e-08  1.229e-08  1.632e-08  2.079e-08  1.449e-08  8.637e-09  1.570e-08
'PSI1L     '  1.336e-08  7.321e-09  1.229e-08  2.342e-08  1.790e-08  1.223e-08 -7.111e-10 -1.165e-09  7.641e-09  1.885e-08  2.460e-08  1.469e-08
'PSI2L     '  1.499e-08  1.326e-08  1.653e-08  2.608e-08  2.685e-08  2.680e-08 -6.699e-09  8.049e-09  1.364e-08  2.721e-08  3.364e-08  2.678e-08
'PSI3L     '  1.599e-08  1.292e-08  1.590e-08  3.582e-08  3.633e-08  3.759e-08  2.979e-09  9.759e-09  1.816e-08  3.335e-08  4.170e-08  4.071e-08
  112962         'IU30'     'IU90'    'IU150'     'IL30'     'IL90'    'IL150' 
'MPI11M067 '  1.093e-07 -4.606e-08  1.785e-07  6.066e-08 -8.481e-08  3.017e-08
'MPI1A067  '  0.000e+00  0.000e+00  0.000e+00  0.000e+00  0.000e+00  0.000e+00
'MPI2A067  '  9.034e-08 -6.085e-08  1.163e-07  1.492e-08 -7.800e-08  2.332e-08
'MPI3A067  '  0.000e+00  0.000e+00  0.000e+00  0.000e+00  0.000e+00  0.000e+00
'MPI4A067  '  0.000e+00  0.000e+00  0.000e+00  0.000e+00  0.000e+00  0.000e+00
'MPI5A067  '  0.000e+00  0.000e+00  0.000e+00  0.000e+00  0.000e+00  0.000e+00
'MPI8A067  '  0.000e+00  0.000e+00  0.000e+00  0.000e+00  0.000e+00  0.000e+00
'MPI9A067  '  0.000e+00  0.000e+00  0.000e+00  0.000e+00  0.000e+00  0.000e+00
'MPI79A067 '  0.000e+00  0.000e+00  0.000e+00  0.000e+00  0.000e+00  0.000e+00
'MPI7FA067 '  0.000e+00  0.000e+00  0.000e+00  0.000e+00  0.000e+00  0.000e+00
'MPI7NA067 '  0.000e+00  0.000e+00  0.000e+00  0.000e+00  0.000e+00  0.000e+00
'MPI67A067 '  1.844e-08  1.205e-08  6.156e-08 -3.644e-08 -4.870e-09  2.204e-08
'MPI6FA067 '  0.000e+00  0.000e+00  0.000e+00  0.000e+00  0.000e+00  0.000e+00
'MPI6NA067 '  0.000e+00  0.000e+00  0.000e+00  0.000e+00  0.000e+00  0.000e+00
'MPI66M067 '  7.995e-08 -5.293e-08  1.268e-07  1.095e-07 -2.006e-08  6.051e-08
'MPI1B067  '  0.000e+00  0.000e+00  0.000e+00  0.000e+00  0.000e+00  0.000e+00
'MPI2B067  '  7.780e-08 -8.472e-08  1.175e-07  8.310e-08 -4.520e-08  4.132e-09
'MPI3B067  '  0.000e+00  0.000e+00  0.000e+00  0.000e+00  0.000e+00  0.000e+00
'MPI4B067  '  0.000e+00  0.000e+00  0.000e+00  0.000e+00  0.000e+00  0.000e+00
'MPI5B067  '  0.000e+00  0.000e+00  0.000e+00  0.000e+00  0.000e+00  0.000e+00
'MPI8B067  '  0.000e+00  0.000e+00  0.000e+00  0.000e+00  0.000e+00  0.000e+00
'MPI89B067 '  0.000e+00  0.000e+00  0.000e+00  0.000e+00  0.000e+00  0.000e+00
'MPI9B067  '  0.000e+00  0.000e+00  0.000e+00  0.000e+00  0.000e+00  0.000e+00
'MPI79B067 '  0.000e+00  0.000e+00  0.000e+00  0.000e+00  0.000e+00  0.000e+00
'MPI7FB067 '  0.000e+00  0.000e+00  0.000e+00  0.000e+00  0.000e+00  0.000e+00
'MPI7NB067 '  0.000e+00  0.000e+00  0.000e+00  0.000e+00  0.000e+00  0.000e+00
'MPI67B067 '  3.125e-08 -2.900e-08  2.002e-08  1.922e-09 -1.901e-09 -2.389e-09
'MPI6FB067 '  0.000e+00  0.000e+00  0.000e+00  0.000e+00  0.000e+00  0.000e+00
'MPI6NB067 '  0.000e+00  0.000e+00  0.000e+00  0.000e+00  0.000e+00  0.000e+00
'MPI8A322  ' -2.872e-08 -1.018e-08 -6.608e-08  6.868e-08 -2.058e-09  1.759e-08
'MPI89A322 ' -4.608e-08 -4.237e-09 -4.639e-08 -3.896e-08  7.706e-09 -3.617e-08
'MPI9A322  ' -1.676e-08 -3.814e-08  4.218e-09  3.401e-08 -4.625e-08  1.586e-08
'MPI79FA322' -3.157e-08 -2.265e-08 -1.547e-07  1.495e-08 -2.324e-08 -3.293e-08
'MPI79NA322'  1.572e-08 -4.335e-09 -1.292e-07 -2.126e-08 -1.051e-08 -4.494e-08
'MPI7FA322 ' -6.153e-08 -7.274e-09 -2.013e-07  2.676e-08  1.764e-08 -1.109e-09
'MPI7NA322 ' -3.862e-08 -3.551e-09 -1.447e-07  1.306e-08  8.613e-09 -2.166e-09
'MPI67A322 ' -2.079e-09 -1.548e-08 -8.788e-08  1.055e-08 -2.086e-09 -1.154e-08
'MPI6FA322 '  2.147e-09 -1.599e-08  9.726e-08 -3.268e-08 -6.463e-09 -6.283e-08
'MPI6NA322 ' -6.276e-09 -2.597e-08 -2.948e-08  2.547e-08 -1.260e-08 -3.483e-08
'MPI66M322 ' -4.578e-08  1.378e-08 -6.285e-09  1.139e-14 -3.759e-08 -6.616e-08
'MPI6NB322 ' -9.841e-08 -4.072e-08  5.366e-08  3.121e-08  6.172e-09  2.483e-08
'MPI6FB322 ' -2.103e-09 -1.218e-08  1.693e-08  1.707e-08  4.220e-09 -1.591e-08
'MPI67B322 ' -3.164e-08 -1.746e-09  2.761e-08  4.281e-08 -8.467e-09 -2.022e-08
'MPI7NB322 '  2.415e-08  1.272e-08  2.652e-08 -3.118e-08 -2.643e-08  7.642e-08
'MPI7FB322 ' -4.102e-08 -8.934e-09  4.347e-09 -1.095e-08 -6.500e-09  8.280e-08
'MPI79B322 '  4.332e-08  2.151e-08  1.526e-08  1.539e-08 -3.695e-08  6.230e-08
'MPI9B322  ' -6.368e-09  1.757e-09  2.137e-08  2.369e-08  2.130e-09 -2.463e-08
'MPI89B322 ' -1.694e-08 -1.402e-08  8.527e-09 -2.149e-09 -2.337e-08 -1.282e-08
'MPI8B322  '  8.379e-09 -2.080e-08 -4.218e-09 -8.503e-09 -6.727e-08  4.228e-08
'MPI5B322  ' -3.270e-08 -2.706e-08 -6.790e-08 -8.296e-08 -1.354e-07  1.403e-07
'MPI4B322  '  2.777e-08 -5.303e-09  1.075e-08  2.601e-08 -1.286e-08  1.509e-08
'MPI3B322  ' -2.731e-08 -2.260e-08 -1.692e-08 -1.066e-08 -6.114e-08  2.120e-09
'MPI2B322  '  8.421e-09 -1.045e-08 -2.331e-08  2.564e-08 -3.003e-14  1.381e-08
'MPI1B322  '  2.263e-08  5.108e-09 -1.036e-08  8.351e-09  8.258e-09  1.038e-08
'MPI11M322 ' -6.520e-08 -3.735e-08 -5.049e-08  1.423e-14  0.000e+00  4.555e-08
'MPI1A322  ' -7.019e-08 -8.801e-09 -5.995e-08 -2.158e-09 -2.134e-09 -1.073e-09
'MPI2A322  ' -4.011e-08 -1.747e-09 -5.313e-08 -8.568e-09 -1.271e-08  8.841e-08
'MPI3A322  ' -1.496e-08  3.006e-08 -4.303e-09 -1.084e-08  6.433e-09 -5.176e-08
'MPI4A322  ' -4.072e-08  4.079e-08 -4.315e-09  7.176e-08  2.795e-08 -5.839e-08
'MPI5A322  ' -1.896e-08  5.229e-09 -6.361e-09  3.419e-08  0.000e+00 -2.338e-08
'MPI1U157  '  4.842e-08  6.233e-08 -5.145e-08  1.638e-08 -7.558e-08 -1.900e-08
'MPI2U157  '  1.336e-07  9.355e-08 -2.380e-07  2.190e-07 -1.341e-07 -1.037e-07
'MPI3U157  ' -3.228e-07  4.240e-09 -1.650e-07 -2.599e-08 -9.768e-08 -3.878e-08
'MPI4U157  ' -5.549e-08  1.509e-07 -4.789e-08  5.095e-08 -4.508e-08 -1.187e-07
'DSL1U180  '  2.240e-09  6.859e-08 -9.020e-08 -8.183e-08 -4.046e-08 -5.425e-08
'DSL2U180  '  4.033e-08  2.986e-08 -5.342e-08 -1.508e-08 -1.917e-08 -6.854e-08
'DSL3U180  '  1.652e-07  1.243e-08 -1.411e-07 -1.693e-08 -2.679e-08 -4.883e-08
'DSL4U157  '  5.602e-08  7.417e-08 -5.282e-07  8.526e-08 -2.061e-08 -3.769e-08
'MPI5U157  '  3.409e-07  2.457e-07 -5.479e-07  5.021e-07 -3.641e-07 -2.275e-07
'MPI6U157  ' -6.532e-08  1.261e-07 -3.178e-07  2.430e-07 -1.420e-07  2.746e-08
'MPI7U157  '  3.290e-08  1.361e-07 -4.416e-07 -1.113e-07 -1.541e-07 -2.518e-07
'DSL5U157  ' -1.825e-08  8.559e-08 -2.144e-07  1.852e-08 -9.768e-08 -1.228e-07
'DSL6U157  '  0.000e+00  0.000e+00  0.000e+00  0.000e+00  0.000e+00  0.000e+00
