 &MACHINEIN
 device = 'ITER'
 nfcoil = 12
 nfsum = 11
 nsilop = 40
 magpri = 795
 necoil = 0
 nesum = 0
 nvesel = 278
 nvsum = 278
 nacoil = 0
 /
 &IN5
 IGRID = 1
 RLEFT = 3.8421000480651855
 RRIGHT = 8.493799781799316
 ZBOTTO = -4.674299812316894
 ZTOP = 4.819600200653076
 IFCOIL = 1
 NSMP2 = 25
 IECOIL = 0
 IVESEL = 1
 IACOIL = 0
 mgaus1 = 8
 mgaus2 = 12
 /
 &IN3
 RF = 6*1.687 3.9431 8.2851 11.9919 11.963 8.3908 4.334
 ZF = 5.464 3.278 1.092 -1.072 -3.258 -5.444 7.5741 6.5398 3.2752 -2.2336 
 -6.7269000000000005 -7.4665
 WF = 6*0.74 0.959 0.5801 0.6963 0.6382 0.8125 1.559
 HF = 6*2.093 0.9841 0.7146 3*0.9538 1.1075
 AF = 12*0.0
 AF2 = 12*0.0
 TURNFC = 11*1.0
 FCTURN = 6*554.0 248.6 115.2 185.9 169.9 216.8 459.4
 FCID = 1 2 2*3 4 5 6 7 8 9 10 11
 RVS = 13*3.5489000000000006 3.551895 3.572515 3.6286500000000004 
 3.7256549999999997 3.85942 4.026145 4.223235000000001 4.44468 4.68427 
 4.9368099999999995 5.195600000000001 5.453865 5.70473 5.9420649999999995 
 6.16481 6.38004 6.594424999999999 6.808565 7.020015000000001 7.22513 7.42179 
 7.60914 7.7871500000000005 7.955304999999999 8.11267 8.259329999999999 
 8.395025 8.518709999999999 8.630495 8.730485 8.817125 8.88769 
 8.938614999999999 8.970585 8.9885 8.994254999999999 8.987884999999999 
 8.967839999999999 8.92629 8.854935 8.757985 8.65057 8.54219 8.433805 
 8.325395 8.216985000000001 8.108605 8.000215 7.891805 7.78341 
 7.675025000000001 7.566645 7.45678 7.337315 7.197995000000001 7.036325 
 6.855134999999999 6.655475 6.439304999999999 6.20995 5.969005 
 5.719250000000001 5.4634849999999995 5.20423 4.9451 4.691935 
 4.4513300000000005 4.228485 4.03015 3.862245 3.727225 3.62939 3.572795 
 3.5519299999999996 13*3.5489000000000006 12*3.2715000000000005 3.281425 
 3.3219250000000002 3.406415 3.5331349999999997 3.6993149999999995 3.90124 
 4.132925 4.389519999999999 4.663914999999999 4.949485 5.240055 
 5.5311699999999995 5.81867 6.098795 6.369350000000001 6.631905 6.887605 
 7.13575 7.375745 7.60688 7.828665 8.040365 8.241605 8.43167 
 8.610289999999999 8.776769999999999 8.930869999999999 9.071995000000001 
 9.200015 9.314325 9.414635 9.500955 9.572835 9.629935 9.669464999999999 
 9.687545 9.682735000000001 9.655000000000001 9.604575 9.531749999999999 
 9.437 9.325775 9.208110000000001 9.090185 8.97222 8.85428 8.736345 8.618425 
 8.500499999999999 8.38256 8.264615 8.144169999999999 8.009895 7.85393 
 7.67594 7.477435 7.260235 7.025925000000001 6.776795 6.514655 6.24199 
 5.960875 5.67387 5.3832249999999995 5.09167 4.802975 4.52318 
 4.258749999999999 4.01587 3.8003 3.616925 3.47024 3.363415 3.29924 
 3.2748749999999998 13*3.2715000000000005 7.20415638875 3.6894848190928 
 5.8066590721356866 5.863304737380546 5.780323700354279 5.836434301823918 
 7.5505580644830905 7.496332809419729 7.511397459955538 7.456657713145448 
 1.1324999999999998 3.545923 6.135134000000001 8.5517105 1.1324999999999998 
 3.545923 6.135134000000001 8.5517105 0.7900060000000001 1.397511 1.790568 
 2.3022335 2.98447 3.6659375 4.3458524999999995 4.994588 5.5825 
 6.158837500000001 6.7728505000000006 7.4057015 8.035702 8.662851 9.282923 
 9.8888405 10.487684999999999 11.08653 11.678049999999999 12.262245 
 12.846440000000001 13.42351 13.91134 14.1796 14.2525 1.620013 
 3.6667059999999996 11.385950000000001 6*9.759999 11.67125 12.34375 13.01625 
 13.688749999999999 14.1375 10.1349995 10.8475 10.157499999999999 10.9225 
 10.01 11.009999999999998 14.254999999999999 14*14.259999999999998
 ZVS = 0.15847050000000001 0.419011 0.6795515000000001 0.940091 
 1.2006299999999999 1.46117 1.7217099999999999 1.98225 2.242795 
 2.5033399999999997 2.7638800000000003 3.02442 3.2849600000000003 
 3.5454100000000004 3.804435 4.057485 4.29784 4.52004 4.718534999999999 
 4.886839999999999 5.02186 5.1208849999999995 5.17909 5.1962399999999995 
 5.1734 5.108395 5.00379 4.869815 4.723065 4.575010000000001 
 4.4266000000000005 4.27449 4.11404 3.9433499999999997 3.7624899999999997 
 3.57241 3.3735800000000005 3.1661099999999998 2.950915 2.728655 2.499505 
 2.2643 2.023855 1.7783250000000002 1.527785 1.27262 1.0142505000000002 
 0.7544295 0.4940645 0.23370449999999998 -0.025873500000000004 -0.2825025 
 -0.532251 -0.7737275 -1.0110765000000002 -1.248005 -1.48493 -1.721845 
 -1.95876 -2.19569 -2.432615 -2.66953 -2.9064500000000004 -3.143375 
 -3.3802999999999996 -3.6165149999999997 -3.84775 -4.067255 -4.27088 
 -4.457459999999999 -4.623939999999999 -4.768535 -4.891025 -4.98865 -5.06119 
 -5.1078 -5.1257850000000005 -5.111045 -5.05583 -4.959235 -4.8266 -4.65982 
 -4.46232 -4.2409099999999995 -4.00093 -3.747995 -3.489005 -3.22856 -2.96802 
 -2.7074800000000003 -2.4469399999999997 -2.186395 -1.92585 -1.66531 -1.40477 
 -1.1442299999999999 -0.883691 -0.6231515000000001 -0.362611 -0.1020705 
 0.383632 0.675806 0.9679815 1.260155 1.55233 1.8445050000000003 
 2.1366750000000003 2.4288499999999997 2.721025 3.0132 3.305375 3.59755 
 3.889215 4.177455 4.455655 4.717635 4.9562 5.165735 5.341425 5.478455 
 5.5751349999999995 5.632594999999999 5.65513 5.642765000000001 5.595115 
 5.514615 5.4054649999999995 5.27755 5.136514999999999 4.982514999999999 
 4.816145000000001 4.63764 4.447665000000001 4.246510000000001 4.03489 
 3.813185 3.58214 3.342225 3.09414 2.838485 2.57598 2.30727 2.03298 1.75401 
 1.47095 1.184585 0.8953420000000001 0.6040835 0.31226750000000003 
 0.021771500000000006 -0.265699 -0.5482815 -0.824337 -1.0943749999999999 
 -1.361805 -1.629125 -1.8964249999999998 -2.163735 -2.43105 
 -2.6983700000000006 -2.9656900000000004 -3.2330050000000004 
 -3.5003149999999996 -3.766475 -4.02555 -4.272155 -4.5032250000000005 -4.7171 
 -4.9117750000000004 -5.08567 -5.23735 -5.36547 -5.46907 -5.547155 
 -5.5991800000000005 -5.62453 -5.6219 -5.584315 -5.50492 -5.383625 -5.223605 
 -5.028285 -4.802485000000001 -4.551305 -4.28073 -3.997045 -3.70672 
 -3.4146349999999996 -3.12246 -2.830285 -2.53811 -2.2459350000000002 
 -1.953765 -1.66159 -1.369415 -1.0772415 -0.7850655 -0.492891 -0.20071685 
 0.09145765 -2.8933740447750003 -2.9952144079702006 4.939807656847789 
 4.911285763010901 4.88598875451418 4.8565391046873545 -2.500017876541186 
 -2.541098411866157 -2.4493172573717077 -2.490061122639074 
 4*-13.080000000000002 4*-12.52 15.993000000000002 15.63965 15.62311 
 15.573495 15.50734 15.444299999999998 15.387495000000001 15.326060000000002 
 15.249130000000001 15.155585 15.04431 14.924175 14.790385 14.64294 14.489 
 14.322054999999999 14.148605 13.975155 13.784949999999998 13.577995 13.37104 
 13.14106 12.77608 12.231300000000001 11.752500000000001 14.94972 14.56618 
 13.463429999999999 -12.167725 -11.463175 -10.75864 -10.054104500000001 
 -9.3495525 -8.821138 5*-7.3125 2*-8.645 2*-7.3125 2*-7.97875 -7.1825 
 -6.75475 -4.617 -2.38725 -1.59775 0.6420000000000001 2.95425 3.80875 6.031 
 8.21075 8.872875 9.517624999999999 10.106665 10.656665 11.26
 WVS = 13*0.05999999999999961 0.05998412718296375 0.05944639360879744 
 0.07702000000000009 0.05358789773246109 0.04892853203574088 
 0.18291000000000057 0.034998339282562796 0.2316199999999995 
 0.01839340532210798 0.2575200000000004 0.2600600000000002 0.2564699999999993 
 0.01999948650974659 0.22941000000000056 0.21607999999999983 
 0.21438000000000024 0.21438999999999986 0.21389000000000014 
 0.0358084409898094 0.2012199999999993 0.04052449120000823 
 0.04279105385568194 0.04477154091830471 0.16289000000000087 
 0.04875262706240946 0.1414799999999996 0.05200633907755403 
 0.11745999999999945 0.054796445791168935 0.05596885592862577 
 0.057143603044430336 0.06171999999999933 0.05928339898389723 
 0.05974886735634044 0.05993609357185292 0.05999988502019704 
 0.059933839709916725 0.059655709941292656 0.05863277620158058 
 0.08746999999999971 0.10642999999999958 0.05456058420852017 
 0.05456418835059296 0.10840999999999923 0.05455903516359939 
 0.054559433879280306 0.05456545769961352 0.054557292356392395 
 0.10838999999999999 0.10839999999999961 0.054563317268423006 
 0.10838999999999999 0.054243624024675086 0.12758999999999965 
 0.04886912511946129 0.04498401630805837 0.19008999999999965 
 0.2092299999999998 0.030924630039915968 0.2355999999999998 
 0.24629000000000012 0.2532199999999998 0.2583100000000007 0.2601999999999993 
 0.2580600000000004 0.017895580179052573 0.026673960479783432 
 0.034521433246025524 0.18392000000000008 0.04870321677930711 
 0.11815000000000042 0.05727241011677542 0.05943304986489739 
 0.059983752935264256 25*0.05999999999999961 0.05986103741664017 
 0.06115000000000004 0.10782999999999987 0.05199675467778331 
 0.18674999999999997 0.21709999999999985 0.032188046231720335 
 0.024175554385584164 0.015591110482409576 0.28927000000000014 
 0.2918699999999994 0.2903600000000006 0.28463999999999956 
 0.27561000000000035 0.02503025429080097 0.25960999999999945 
 0.030420938310477652 0.24450000000000038 0.23549000000000042 
 0.22677999999999976 0.04021487661469436 0.20660999999999952 
 0.04451359952763667 0.046559362981565044 0.1729800000000008 
 0.15997999999999912 0.14822000000000024 0.13403000000000098 
 0.054516629896852464 0.10660999999999987 0.05680849253442233 
 0.07863000000000042 0.06512999999999991 0.05914732434669645 
 0.0596828822420008 0.0599866082608429 0.05991225848677573 0.0594436207556015 
 0.0586694071615419 0.084480000000001 0.05598733066542039 0.11742999999999881 
 0.11790000000000056 0.11795000000000044 0.11797999999999931 
 0.11790000000000056 0.11796999999999969 0.11786999999999992 
 0.054891007835642824 0.11789999999999878 0.1179900000000007 
 0.12289999999999957 0.14564999999999984 0.16628000000000043 
 0.1897000000000002 0.042260698701534594 0.037728958734422946 
 0.03372449409406997 0.2567300000000001 0.26754999999999995 
 0.2777799999999999 0.013559391640665552 0.2895599999999998 
 0.29173000000000027 0.2913800000000002 0.2860099999999992 
 0.020873948116149066 0.25527999999999995 0.23047999999999957 
 0.20066000000000006 0.049333011874425736 0.12727999999999984 
 0.057311369965203696 0.059375346165726484 0.059983975330369255 
 13*0.05999999999999961 0.03674335346322444 0.08000000000000007 
 8*0.059000000000000004 2.065 2.7618460000000002 2.416576 2.416577 2.065 
 2.7618460000000002 2.416576 2.416577 1.3800120000000002 0.44500399999999996 
 0.34111 0.6822209999999997 0.004826010085594135 0.6806830000000001 
 0.6791469999999995 0.005559466520848488 0.5575000000000001 
 0.008478752003078682 0.009325413896602797 0.009324664681910733 
 0.6271499999999994 0.627148 0.612995999999999 0.013910441706311616 
 0.5988500000000005 0.5988399999999992 0.5842000000000009 0.5841899999999995 
 0.01669635934507241 0.020286387701222708 0.4057200000000005 
 0.13079999999999892 0.049952807917751585 2*0.04999999999999982 
 7*0.05000000000000071 3*0.6724999999999994 0.6725000000000012 
 0.22499999999999964 0.7500009999999993 0.6750000000000007 0.7050000000000001 
 0.8250000000000011 2*0.05000000000000071 0.049963058731567145 
 14*0.05000000000000071
 HVS = 0.260541 0.26054 0.260541 0.26053799999999994 4*0.26054 
 0.26054999999999984 0.2605400000000002 0.26053999999999977 
 2*0.2605400000000002 0.2603599999999999 0.25768999999999975 
 0.017768641374480865 0.2323000000000004 0.2120999999999995 
 0.04219739877943596 0.15172000000000008 0.053432021200189084 
 0.07973000000000052 0.05940047063477749 0.059997487530646154 
 0.05916274305139879 0.08671000000000006 0.05292699195916839 
 0.0497740336322714 0.04937104500640466 0.0493707118409592 0.0492578792183167 
 0.1554599999999997 0.04634638286398918 0.17594000000000065 
 0.18577999999999983 0.19437999999999978 0.037519049933651516 
 0.21165999999999974 0.0325867675944469 0.22578999999999994 
 0.02705462469701292 0.23789999999999978 0.24298999999999982 0.24807 
 0.014219598367385178 0.25732 0.25941899999999996 0.260223 
 0.26050700000000004 0.26021299999999997 0.25894300000000003 0.254315 
 0.020160763253195157 0.024513240521375934 0.2369269999999999 
 0.23693000000000008 0.02496533946839774 0.23690999999999995 
 0.23692000000000002 0.23694000000000015 0.23690999999999995 
 0.02496153094925191 0.024963435254438338 0.23692999999999964 
 0.02496153094925191 0.2355100000000001 0.02940254421042887 
 0.21204999999999963 0.19519999999999982 0.043800892560096116 
 0.04821179877874471 0.13419000000000025 0.05429627534813797 
 0.05675550427486975 0.05835121895636597 0.05952780266759916 
 0.05999496833361029 0.05951970136804263 0.0775800000000002 
 0.11560999999999932 0.1496600000000008 0.04242871371983448 
 0.21110000000000007 0.0272545855327877 0.24824000000000002 
 0.2576299999999998 0.26034999999999986 0.2605400000000002 
 0.26053999999999977 2*0.2605400000000002 0.26054999999999984 4*0.26054 
 0.26053799999999994 0.260541 0.26054 0.260541 0.29217400000000004 
 0.29217399999999993 0.2921769999999999 0.29217000000000004 
 0.2921800000000001 2*0.29217000000000004 0.29217999999999966 
 0.29217000000000004 0.2921800000000001 0.29217000000000004 
 0.2921800000000001 0.29115 0.012573289931225418 0.02217737389780794 
 0.25288999999999984 0.03839690569504306 0.04465487783604161 
 0.1565499999999993 0.11751000000000023 0.07584999999999997 
 0.05946010600905183 0.05998732618923874 0.059666770806689584 
 0.05851333803953018 0.05663364742720667 0.12187000000000037 
 0.05331993937719659 0.14810999999999996 0.05021586111304366 
 0.0483688844939536 0.046576764445692476 0.1957899999999997 
 0.042435648418921446 0.21672000000000002 0.22669000000000006 
 0.03552899599241144 0.032858034176568296 0.030442208239215063 
 0.02752804416456467 0.2654399999999999 0.02189656022919717 
 0.27659999999999973 0.016150138610985465 0.013376793610760274 
 0.28794999999999993 0.2905359999999999 0.29198100000000005 0.291651 0.289341 
 0.2856 0.017355906042841207 0.27254599999999995 0.024115582201612362 
 0.02421158680191926 0.02422169863634549 0.024228372178735302 
 0.02421158680191926 0.0242258948156282 0.024205670856586536 
 0.2673000000000001 0.02421158680191926 0.02423009088417416 
 0.025241391963667148 0.0299246329540086 0.03416146520264718 
 0.0389729865373063 0.20570000000000022 0.1836499999999992 
 0.16414000000000062 0.052743925074898 0.05497193905000586 
 0.05706798963199411 0.06598999999999933 0.05948832006580318 
 0.05994376039383553 0.059887103433856836 0.05883214908602952 
 0.10151999999999983 0.05251499631184586 0.04739023654917318 
 0.041278827505529136 0.2399300000000002 0.026183274449548932 
 0.27871999999999986 0.2886500000000001 0.29200000000000026 
 0.29217000000000004 0.29217999999999966 0.29217000000000004 
 0.2921800000000001 2*0.29217000000000004 0.2921799999999999 
 0.29217000000000004 0.292177 0.29217499999999996 0.29217400000000004 
 0.2921743 0.2921747 0.5760231124900006 0.650885755 8*0.059000000000000004 
 10*0.05000000000000071 0.0497665295360008 0.04976660029426938 0.06616 
 0.04980739007064017 0.04984448603535441 0.06917999999999935 
 0.04943300989622301 0.102409999999999 0.12014000000000102 
 0.12012999999999963 0.048672842455065535 0.0486730072312227 
 0.04837067161373554 0.17345000000000077 0.04802609884139031 
 0.048026036769297065 0.04712994360934886 0.04713010758266023 
 0.20696000000000048 0.2530000000000001 0.03239651122881071 
 0.01044047413254745 0.34500000000000064 1.379859999999999 1.75 
 0.8499999999999996 2*0.7045499999999993 0.7045200000000005 
 0.7045510000000004 0.7045530000000007 0.3522759999999998 
 9*0.05000000000000071 2*1.3324999999999996 0.2599999999999998 
 0.5955000000000004 3.6799999999999997 0.7795000000000001 0.7995000000000001 
 3.68 0.9444999999999997 0.7645 3.6800000000000006 0.6794999999999991 
 2*0.6447500000000002 0.5333299999999994 0.5666700000000002 0.6400000000000006
 AVS = 13*0.0 -1.317948939290384 -7.789275182691962 72.77384932846088 
 -26.730557189654206 -35.36559122695849 45.30844085793488 -54.3166177433543 
 27.059613509031124 -72.14815342269274 8.106427958209665 -0.5243411074853552 
 -9.582916514421534 70.52929945628472 -28.10125696623604 -33.945692590719844 
 -34.62880857576029 -34.629368440410424 -34.818523814566504 
 53.358418505397786 -39.42651856833616 47.514143731733206 44.50541274416885 
 41.73838488114722 -51.29450517632695 35.65478416587257 -57.10420736275874 
 29.914298893521845 -63.19788996991519 24.038197238533236 21.122154502051036 
 17.75045397320086 -76.29084946982636 8.864084933415564 5.244030217489679 
 2.6446781821533496 -0.11216900206313188 -2.6909189711073447 
 -6.1409015719252995 -12.25490553924869 70.36586725777785 65.88596779496208 
 -24.585274026233048 -24.577000334445405 65.41208582023538 
 -24.588829221485536 -24.587914179765228 -24.57408578655348 
 -24.592828542129897 65.41608528601135 65.41408552118968 -24.5790002356536 
 65.41608528601135 -25.30296938248443 60.65663132770637 -35.463487013386924 
 -41.432692785987555 43.112358823831215 36.531474839119205 -58.9751026308515 
 25.185076442176168 18.928331835617087 13.463037932572608 7.1929825169706705 
 0.7420291379975137 -7.254505524429374 72.64689520369306 63.60442457203906 
 54.87534757739713 -44.99688457509335 35.7356504862794 -62.98375597947755 
 17.342458865133317 7.882736463175875 1.3333963470285943 25*0.0 
 -3.9002711506499903 77.90373444281764 68.30763767050516 -29.932646210275326 
 50.21202596826865 41.905454666733895 -57.556515781040666 -66.23878109188983 
 -74.9387288792789 7.692056178442043 1.1776690431336274 -6.041360202745361 
 -12.78112128391244 -19.28384177936463 65.34389671016102 -27.29395016625613 
 59.53475341681254 -33.182552295595976 -36.27872281228288 -39.07882751592297 
 47.91379590981139 -44.98751816601394 42.10705143363839 39.10518024487558 
 -53.69027712640312 -56.79516023082774 -59.511185862227414 -62.69025176733203 
 24.68596656889416 -68.59594540890988 18.771719912132564 -74.38517787453424 
 -77.11784216296216 9.670960385698171 5.8933706118706075 1.2105662836687785 
 -3.0989709406734303 -7.808788098257607 -12.089002714217202 73.186036204925 
 -21.073143092365907 66.30133947069157 66.20118038066136 66.19062647814013 
 66.1836607126586 66.20118038066137 66.18624659890973 66.20735456111785 
 -23.8155474306079 66.20118038066165 66.1818666874992 65.12185072221541 
 60.083069322474394 55.29454792198521 49.492334518967716 -45.223349889254536 
 -51.03717847009642 -55.800587190220405 28.470169953718088 23.62342339334452 
 17.985783730843224 -76.93890765038388 7.488077324198714 2.4809446156465866 
 -3.5153655515667483 -11.323030236905899 69.64112943450658 
 -28.925430418528062 -37.8296927323328 -46.52954350095193 34.69266991522735 
 -64.1263584846121 17.217209504146627 8.274832552675901 1.324238511130061 
 13*0.0 -52.237539338247345 19*0.0 -5.539081276228091 -5.5382411892376044 
 84.46117691039431 -5.030735433121895 -4.520119887007762 83.61612021237234 
 -8.636775372120052 80.23688808497833 79.25091899796075 79.25179286695341 
 -13.230589838446974 -13.229764807507793 -14.667071085744471 
 73.84666862032438 -16.15305014071471 -16.1533058121044 -19.507313940057685 
 -19.506751236008892 70.49268605994148 66.06326000706581 -49.61426915834138 
 -77.94740598566376 2.489552921997388 20*0.0 -2.2025981617648664 14*0.0
 AVS2 = 278*0.0
 RSISVS = 0.00114113 0.00114114 0.00114113 0.00114115 4*0.00114114 0.00114109 
 4*0.00114114 0.00114259 0.00115072 0.00116886 0.00120002 0.00124311 
 0.0012969 0.00136025 0.00143164 0.00150886 0.00158998 0.00167364 0.00175664 
 0.00183718 0.00191412 0.00123924 0.00128221 0.00132522 0.00136832 0.00141108 
 0.00232358 0.00238687 0.00244713 0.00250436 0.00255848 0.0026091 0.00265619 
 0.00269986 0.00273963 0.00277563 0.00280778 0.00283588 0.00357378 0.00359424 
 0.003606 0.00361333 0.00361554 0.00361308 0.00360589 0.00359184 0.00356214 
 0.00281649 0.00278148 0.00274678 0.00271181 0.00267704 0.00264209 0.00260731 
 0.0025724 0.00253761 0.00250272 0.0024679 0.00243306 0.00239805 0.00147555 
 0.00144762 0.00141505 0.00137844 0.00133831 0.001295 0.00124891 0.00120036 
 0.00115011 0.00175799 0.00167545 0.00159251 0.00151118 0.001434 0.00136187 
 0.00129813 0.00124416 0.00120049 0.00116916 0.00115082 0.00114264 
 4*0.00114114 0.00114109 4*0.00114114 0.00114115 0.00114113 0.00114114 
 0.00114113 2*0.000938046 0.000938036 0.000938058 0.000938026 2*0.000938058 
 0.000938026 0.000938058 0.000938026 0.000938058 0.000938026 0.0009325169 
 0.00094365864 0.00093671739 0.00097140394 0.0010171174 0.0010719836 
 0.0011344531 0.0012060091 0.0012817936 0.0013633484 0.0014472096 
 0.0015317455 0.001616339 0.0016972606 0.001775105 0.0018516005 0.0017752195 
 0.0018548798 0.0019355164 0.0020164614 0.0020978686 0.0021781443 
 0.0022566653 0.0023320123 0.0024038294 0.0024711335 0.0025336671 0.002591008 
 0.0026426899 0.0026885202 0.0027277502 0.0034295221 0.0034591607 
 0.0034828202 0.0034988761 0.003506268 0.0035036164 0.0034924022 0.0034713068 
 0.0034416937 0.0027350436 0.0026916636 0.0026441638 0.0025940672 
 0.0025428501 0.0024922024 0.0024437782 0.0023987708 0.0023574411 
 0.0023197652 0.0012540527 0.0012339224 0.0012122692 0.0011865877 
 0.0011573272 0.0011252932 0.0010906128 0.0010529344 0.0010122362 
 0.0018485516 0.0017696415 0.0016887225 0.0016055484 0.0015219518 
 0.0014383417 0.0013564757 0.0012755607 0.0012004063 0.001130242 0.0010690409 
 0.0010159471 0.00097450961 0.00096014587 0.00094224861 0.00093426064 
 0.000938058 0.000938026 0.000938058 0.000938026 2*0.000938058 0.000938026 
 0.000938058 0.000938036 0.000938042 0.000938046 0.000938045 0.000938043 
 0.0006416369528338106 0.00040067602043594063 0.05744364230641516 
 0.05800402191405379 0.05718311389277416 0.057738200265226594 
 0.07469554373380126 0.07415910856219264 0.07430813890582051 
 0.07376661401230786 5.9723176e-05 0.00017837539 0.00026689294 0.00030233876 
 7.1870868e-05 0.00022843116 0.00032013422 0.00032366219 4.6672168e-05 
 0.00027945964 0.00046546982 0.00029296073 0.00037857322 0.00046554363 
 0.00054489887 0.00068298933 0.00084679504 0.00085827434 0.00086965198 
 0.00095100869 0.0010353461 0.0011214983 0.0012335951 0.0013477342 
 0.0014388476 0.0015322282 0.0016333145 0.0017203836 0.0018086547 
 0.0018837766 0.0019467955 0.0019901127 0.0036723371 7.1753851e-05 
 3.0051031e-05 0.0010853326 0.0012337532 0.0012363921 0.001240103 
 0.0012446356 0.0012482553 0.0024713046 0.0007238316 0.00076079221 
 0.00077106239 0.00081422094 0.0026683293 0.00027833116 0.00028144242 
 0.00059922963 0.00013947536 0.00035073595 0.00059702847 0.004890496 
 0.0021443541 0.00034585539 0.0016699268 0.0016308354 0.00034320979 
 0.0012407244 0.0015851576 0.00014645029 0.0017905653 0.0019025823 
 0.0019088082 0.0023564839 0.0022082952 0.0019371446
 VSID = 1 2 3 4 5 6 7 8 9 10 11 12 13 14 15 16 17 18 19 20 21 22 23 24 25 26 
 27 28 29 30 31 32 33 34 35 36 37 38 39 40 41 42 43 44 45 46 47 48 49 50 51 
 52 53 54 55 56 57 58 59 60 61 62 63 64 65 66 67 68 69 70 71 72 73 74 75 76 
 77 78 79 80 81 82 83 84 85 86 87 88 89 90 91 92 93 94 95 96 97 98 99 100 101 
 102 103 104 105 106 107 108 109 110 111 112 113 114 115 116 117 118 119 120 
 121 122 123 124 125 126 127 128 129 130 131 132 133 134 135 136 137 138 139 
 140 141 142 143 144 145 146 147 148 149 150 151 152 153 154 155 156 157 158 
 159 160 161 162 163 164 165 166 167 168 169 170 171 172 173 174 175 176 177 
 178 179 180 181 182 183 184 185 186 187 188 189 190 191 192 193 194 195 196 
 197 198 199 200 201 202 203 204 205 206 207 208 209 210 211 212 213 214 215 
 216 217 218 219 220 221 222 223 224 225 226 227 228 229 230 231 232 233 234 
 235 236 237 238 239 240 241 242 243 244 245 246 247 248 249 250 251 252 253 
 254 255 256 257 258 259 260 261 262 263 264 265 266 267 268 269 270 271 272 
 273 274 275 276 277 278
 VSNAME = 100*'VV Inner,' 100*'VV Outer,' 'Triangular' 'Divertor I' 
 8*'SS Jacket' 68*'Cryostat a'
 RSI = 3.571865 3.5718650000000003 8.759345 8.777845000000001 3.571865 
 5.855425 8.366304999999999 7.881825 3.57186 5.855425 8.36631 7.881825 
 3.57186 5.855425 8.36631 7.881825 3.57186 5.855425 8.366304999999999 
 7.881825 3.571865 5.855425 8.36631 7.881825 3.57186 5.855425 8.36631 
 7.881825 3.571865 5.855425 8.366315 7.881825 3.571865 5.855425 8.36631 
 7.881825 3.57186 5.855425 8.366304999999999 7.881825
 ZSI = -3.4856599999999998 1.44606 1.83158 -0.63377 -2.60446 5.01591 2.70277 
 -2.59444 -2.60446 5.01591 2.70277 -2.59444 -2.60446 5.01591 2.70277 -2.59444 
 -2.60446 5.01591 2.70277 -2.59444 -2.60446 5.01591 2.70277 -2.59444 -2.60446 
 5.01591 2.70277 -2.59444 -2.60446 5.01591 2.70277 -2.59444 -2.60446 5.01591 
 2.70277 -2.59444 -2.60446 5.01591 2.70277 -2.59444
 XMP2 = 15*3.21481 3.2354000000000003 3.3714899999999997 3.6253800000000003 
 3.97883 4.40733 4.88126 5.3703 5.8554200000000005 6.31801 6.75762 7.17708 
 7.5733500000000005 7.943510000000001 8.284889999999999 8.595 8.87157 9.11293 
 9.31659 9.48147 9.60636 9.68907 9.71281 9.672450000000001 9.56868 
 9.403290000000002 9.205290000000002 9.00724 8.809180000000001 
 8.611139999999999 8.41308 8.21503 7.99437 7.71065 7.3693599999999995 
 6.978470000000001 6.5471 6.085310000000001 5.60387 5.114020000000001 
 4.6588400000000005 4.20451 3.8101 3.50123 3.2985900000000004 3.21629 
 15*3.21481 3.2354000000000003 3.3714899999999997 3.6253800000000003 3.97883 
 4.40733 4.88126 5.37029 5.8554200000000005 6.31801 6.75762 7.177090000000001 
 7.5733500000000005 7.94352 8.284889999999999 8.595 8.87157 9.11293 9.31659 
 9.48148 9.60636 9.68907 9.71281 9.672450000000001 9.56868 9.403290000000002 
 9.205290000000002 9.00724 8.809180000000001 8.611139999999999 8.41308 
 8.21503 7.99437 7.71065 7.3693599999999995 6.97846 6.5471 6.085310000000001 
 5.60387 5.114020000000001 4.6588400000000005 4.20451 3.8101 3.50123 
 3.2985900000000004 3.21629 15*3.2148000000000003 3.2354000000000003 
 3.3714899999999997 3.62539 3.97883 4.40733 4.88126 5.37029 
 5.8554200000000005 6.318020000000001 6.75762 7.177090000000001 7.57334 
 7.943510000000001 8.2849 8.59499 8.87157 9.11293 9.31659 9.48147 9.60636 
 9.68906 9.71281 9.672450000000001 9.56868 9.403290000000002 
 9.205290000000002 9.00724 8.809190000000001 8.61113 8.41308 8.21502 7.99437 
 7.71065 7.3693599999999995 6.978470000000001 6.54709 6.085310000000001 
 5.60387 5.114020000000001 4.6588400000000005 4.2045200000000005 3.8101 
 3.50123 3.2985900000000004 3.2163000000000004 15*3.2324 3.25288 3.38827 
 3.64099 3.99306 4.42018 4.89286 5.38084 5.865100000000001 6.32698 
 6.7660100000000005 7.1849799999999995 7.58083 7.9506499999999996 8.29173 
 8.60159 8.87796 9.11915 9.32268 9.48745 9.612260000000001 9.69492 
 9.718639999999999 9.67832 9.5746 9.40932 9.211450000000001 9.013530000000001 
 8.815620000000001 8.61772 8.41982 8.22193 8.00146 7.718 7.3770500000000006 
 6.9865900000000005 6.55575 6.09462 5.61398 5.125100000000001 4.67099 4.21798 
 3.82495 3.51739 3.31574 3.23387 15*3.2324 3.25288 3.38827 3.64099 3.99306 
 4.42018 4.89286 5.38084 5.865100000000001 6.32698 6.7660100000000005 
 7.1849799999999995 7.58083 7.9506499999999996 8.29173 8.60159 8.87796 
 9.11915 9.32268 9.48745 9.612260000000001 9.69492 9.718639999999999 9.67831 
 9.574610000000002 9.40932 9.211450000000001 9.013530000000001 
 8.815620000000001 8.61772 8.41982 8.22193 8.00146 7.718 7.3770500000000006 
 6.9865900000000005 6.55575 6.09462 5.61398 5.12509 4.671 4.21798 3.82496 
 3.51739 3.31574 3.23387 15*3.23239 3.25288 3.38827 3.641 3.99306 4.42018 
 4.89286 5.38084 5.865100000000001 6.32698 6.7660100000000005 7.18499 7.58083 
 7.950640000000001 8.29174 8.60159 8.87796 9.11915 9.32268 9.48745 
 9.612260000000001 9.69492 9.718639999999999 9.67831 9.574610000000002 
 9.40932 9.211450000000001 9.013530000000001 8.815620000000001 8.61772 
 8.41981 8.22192 8.00146 7.718 7.3770500000000006 6.9865900000000005 6.55575 
 6.09462 5.61398 5.125100000000001 4.67099 4.21798 3.82496 3.51739 
 3.3157300000000003 3.23388 6*3.6049 3.6945300000000003 4.380770000000001 
 5.41282 6.53153 7.171220000000001 8.028979999999999 8.49892 8.85275 8.89025 
 8.4899 8.07759 7.05132 6.6154399999999995 5.83793 5.03206 4.26827 3.75692 
 3.61377 6*3.60491 3.69454 4.38078 5.41282 6.53153 7.1712299999999995 
 8.028970000000001 8.49893 8.85276 8.89026 8.4899 8.07759 7.051310000000001 
 6.6154399999999995 5.83794 5.03206 4.268260000000001 3.75692 3.61377 
 6*3.6049 3.6945300000000003 4.380770000000001 5.41282 6.53152 
 7.1712299999999995 8.028979999999999 8.49892 8.85276 8.89026 8.4899 8.07759 
 7.05132 6.6154399999999995 5.83793 5.03206 4.26827 3.75692 3.61377 6*3.60491 
 3.69454 4.38078 5.41282 6.53152 7.1712299999999995 8.028979999999999 8.49893 
 8.85276 8.89026 8.4899 8.07758 7.05132 6.6154399999999995 5.83794 5.03206 
 4.26827 3.75692 3.61377 6*3.60491 3.69454 4.380770000000001 5.41282 6.53152 
 7.1712299999999995 8.028970000000001 8.49892 8.85276 8.89026 8.4899 8.07758 
 7.05132 6.6154399999999995 5.83793 5.03206 4.26827 3.75692 3.61377 6*3.6049 
 3.69454 4.380770000000001 5.41282 6.53152 7.171220000000001 
 8.028979999999999 8.49892 8.85275 8.89025 8.4899 8.07758 7.05132 6.61545 
 5.83794 5.03205 4.268260000000001 3.75691 3.61377 3.6197500000000002 3.76235 
 4.271710000000001 5.032520000000001 5.83621 6.61183 7.1431700000000005 
 6.25987 5.45643 4.4007 3.6987300000000003 3.60691 3.6197500000000002 3.76235 
 4.271710000000001 5.032520000000001 5.83621 6.61182 7.14316 6.25988 
 5.4564200000000005 4.40069 3.6987300000000003 3.60691 3.6197500000000002 
 3.76235 4.2717 5.032520000000001 5.83621 6.61182 7.14316 6.25987 5.45643 
 4.4007 3.6987300000000003 3.60691 3.6197500000000002 3.76235 
 4.271710000000001 5.0325299999999995 5.83621 6.61182 7.14316 6.25987 5.45643 
 4.40069 3.6987300000000003 3.60691 3.6197500000000002 3.76235 4.2717 
 5.032520000000001 5.83621 6.61182 7.1431700000000005 6.25987 5.45643 4.4007 
 3.6987300000000003 3.6069 3.6197500000000002 3.76235 4.2717 
 5.032520000000001 5.83621 6.61182 7.1431700000000005 6.25987 5.45643 4.4007 
 3.6987300000000003 3.60691 6*3.59339 3.5967800000000003 4.08008 4.94547 
 6.11759 6.961180000000001 7.7056499999999994 8.24051 8.65518 8.92625 8.8574 
 8.397290000000002 7.888770000000001 6.81479 8.65518 8.65517 
 2*8.680200000000001 8.733540000000001 4*8.6812 8.733540000000001 
 8.903379999999999 8.86978 8.874030000000001 8.86708 8.85075 8.86302 
 2*3.59339 3*8.65518 8.683629999999999 2*8.680200000000001 6*3.59339 
 3.5967800000000003 4.08008 4.94547 6.11759 6.961180000000001 
 7.7060699999999995 8.24051 8.65154 8.92624 8.8574 8.405629999999999 
 7.888770000000001 6.81479 2*3.59339 8.65517 8.70473 8.65517 
 8.680209999999999 8.74057 8.680200000000001 6*3.59339 3.59679 4.08008 
 4.94547 6.11759 6.961180000000001 7.7056499999999994 8.24051 8.65518 8.92624 
 8.8574 8.397290000000002 7.888770000000001 6.81478 8.65517 8.65518 
 2*8.680200000000001 2*3.59339 8.65518 8.65517 8.65518 8.74076 
 2*8.680200000000001 6*3.59339 3.5967800000000003 4.08008 4.94547 6.11759 
 6.961180000000001 7.7060699999999995 8.24051 8.65155 8.92625 8.8574 
 8.405629999999999 7.888770000000001 6.81479 2*3.59339 8.65518 8.70473 
 8.65518 8.680200000000001 8.74057 8.680200000000001 8.733540000000001 
 4*8.6812 8.733540000000001 8.903379999999999 8.86978 8.874030000000001 
 8.86708 8.85075 8.86302 6*3.59339 3.5967800000000003 4.08008 4.94547 6.11759 
 6.961180000000001 7.7056499999999994 8.24051 8.65518 8.92624 8.8574 
 8.397290000000002 7.88876 6.81478 8.65517 8.65518 2*8.680200000000001 
 3.59339 8.65517 8.65518 8.65517 8.74075 8.680200000000001 8.680209999999999 
 6*3.59339 3.59679 4.08008 4.94547 6.11759 6.961180000000001 
 7.7060699999999995 8.24051 8.65155 8.92624 8.8574 8.405629999999999 7.88876 
 6.81479 8.65518 8.70474 8.65517 8.680200000000001 8.74057 8.680200000000001 
 8.733540000000001 4*8.6812 8.733540000000001 8.90337 8.86978 8.87404 
 8.867090000000001 8.850760000000001 8.863010000000001 4*5.87282 5.12547 
 5.09543 4.8932 4.8373 4.63185 4.57982 4.109100000000001 4.12474
 YMP2 = -3.30439 -2.81372 -2.3230500000000003 -1.8323900000000002 -1.34172 
 -0.85105 -0.36039 0.13028 0.6209500000000001 1.1116199999999998 1.60229 
 2.09296 2.58362 3.07429 3.56496 4.0572 4.53163 4.95408 5.296279999999999 
 5.53595 5.66037 5.68904 5.62124 5.45991 5.24234 4.98808 4.69897 4.37713 
 4.024900000000001 3.64485 3.23975 2.81187 2.36564 1.9036600000000001 1.4293 
 0.94586 0.45611 -0.03254 -0.51175 -0.97333 -1.42228 -1.8712 -2.32011 
 -2.7690300000000003 -3.21795 -3.66687 -4.1046700000000005 -4.504390000000001 
 -4.85625 -5.15203 -5.38483 -5.54921 -5.64135 -5.65909 -5.59388 -5.40885 
 -5.11563 -4.73217 -4.2825299999999995 -3.7957300000000003 -3.30439 -2.81372 
 -2.3230500000000003 -1.8323900000000002 -1.34172 -0.85105 -0.36039 0.13028 
 0.6209500000000001 1.1116199999999998 1.60229 2.09296 2.58362 3.07429 
 3.56496 4.0572 4.53163 4.95408 5.296279999999999 5.53595 5.66037 5.68904 
 5.62124 5.45991 5.24234 4.98808 4.69897 4.37713 4.024900000000001 3.64485 
 3.23975 2.81187 2.36564 1.9036600000000001 1.4293 0.94586 0.45611 -0.03254 
 -0.51175 -0.97333 -1.42228 -1.8712 -2.32011 -2.7690300000000003 -3.21795 
 -3.66687 -4.1046700000000005 -4.504390000000001 -4.85625 -5.15203 -5.38483 
 -5.54921 -5.64135 -5.65909 -5.59388 -5.40885 -5.11563 -4.73217 
 -4.2825299999999995 -3.7957300000000003 -3.30439 -2.81372 
 -2.3230500000000003 -1.8323900000000002 -1.34172 -0.85105 -0.36039 0.13028 
 0.6209500000000001 1.1116199999999998 1.60229 2.09296 2.58362 3.07429 
 3.56496 4.0572 4.53163 4.95408 5.296279999999999 5.53595 5.66037 5.68904 
 5.62124 5.45991 5.24234 4.98808 4.69897 4.37713 4.024900000000001 3.64485 
 3.23975 2.81187 2.36564 1.9036600000000001 1.4293 0.94586 0.45611 -0.03254 
 -0.51175 -0.97333 -1.42228 -1.8712 -2.32011 -2.7690300000000003 -3.21795 
 -3.66687 -4.1046700000000005 -4.504390000000001 -4.85625 -5.15203 -5.38483 
 -5.54921 -5.64135 -5.65909 -5.59388 -5.40885 -5.11563 -4.73217 
 -4.2825299999999995 -3.7957300000000003 -3.30439 -2.81372 
 -2.3230500000000003 -1.8323900000000002 -1.34172 -0.85105 -0.36039 0.13028 
 0.6209500000000001 1.1116199999999998 1.60229 2.09296 2.58362 3.07429 
 3.56496 4.0572 4.53163 4.95408 5.296279999999999 5.53595 5.66037 5.68904 
 5.62124 5.45991 5.24234 4.98808 4.69897 4.37713 4.024900000000001 3.64485 
 3.23975 2.81187 2.36564 1.9036600000000001 1.4293 0.94586 0.45611 -0.03254 
 -0.51175 -0.97333 -1.42228 -1.8712 -2.32011 -2.7690300000000003 -3.21795 
 -3.66687 -4.1046700000000005 -4.504390000000001 -4.85625 -5.15203 -5.38483 
 -5.54921 -5.64135 -5.65909 -5.59388 -5.40885 -5.11563 -4.73217 
 -4.2825299999999995 -3.7957300000000003 -3.30439 -2.81372 
 -2.3230500000000003 -1.8323900000000002 -1.34172 -0.85105 -0.36039 0.13028 
 0.6209500000000001 1.1116199999999998 1.60229 2.09296 2.58362 3.07429 
 3.56496 4.0572 4.53163 4.95408 5.296279999999999 5.53595 5.66037 5.68904 
 5.62124 5.45991 5.24234 4.98808 4.69897 4.37713 4.024900000000001 3.64485 
 3.23975 2.81187 2.36564 1.9036600000000001 1.4293 0.94586 0.45611 -0.03254 
 -0.51175 -0.97333 -1.42228 -1.8712 -2.32011 -2.7690300000000003 -3.21795 
 -3.66687 -4.1046700000000005 -4.504390000000001 -4.85625 -5.15203 -5.38483 
 -5.54921 -5.64135 -5.65909 -5.59388 -5.40885 -5.11563 -4.73217 
 -4.2825299999999995 -3.7957300000000003 -3.30439 -2.81372 
 -2.3230500000000003 -1.8323900000000002 -1.34172 -0.85105 -0.36039 0.13028 
 0.6209500000000001 1.1116199999999998 1.60229 2.09296 2.58362 3.07429 
 3.56496 4.0572 4.53163 4.95408 5.296279999999999 5.53595 5.66037 5.68904 
 5.62124 5.45991 5.24234 4.98808 4.69897 4.37713 4.024900000000001 3.64485 
 3.23975 2.81187 2.36564 1.9036600000000001 1.4293 0.94586 0.45611 -0.03254 
 -0.51175 -0.97333 -1.42228 -1.8712 -2.32011 -2.7690300000000003 -3.21795 
 -3.66687 -4.1046700000000005 -4.504390000000001 -4.85625 -5.15203 -5.38483 
 -5.54921 -5.64135 -5.65909 -5.59388 -5.40885 -5.11563 -4.73217 
 -4.2825299999999995 -3.7957300000000003 -1.94356 -0.91716 0.10924 
 1.1206099999999999 2.137 3.16339 4.09243 4.92212 5.11554 4.52816 4.06452 
 3.15537 2.37042 1.3338599999999998 -0.05166 -1.17629 -2.07751 -2.92406 
 -4.566020000000001 -4.9603 -5.0589200000000005 -4.78545 -4.179930000000001 
 -3.64278 -1.94356 -0.91716 0.10924 1.1206099999999999 2.137 3.16339 4.09243 
 4.92212 5.11554 4.52816 4.06452 3.15537 2.37042 1.3338599999999998 -0.05166 
 -1.17629 -2.07751 -2.92406 -4.566020000000001 -4.9603 -5.0589200000000005 
 -4.78545 -4.179930000000001 -3.64278 -1.94356 -0.91716 0.10924 
 1.1206099999999999 2.137 3.16339 4.09243 4.92212 5.11554 4.52816 4.06452 
 3.15537 2.37042 1.3338599999999998 -0.05166 -1.17629 -2.07751 -2.92406 
 -4.566020000000001 -4.9603 -5.0589200000000005 -4.78545 -4.179930000000001 
 -3.64278 -1.94356 -0.91716 0.10924 1.1206099999999999 2.137 3.16339 4.09243 
 4.92212 5.11554 4.52816 4.06452 3.15537 2.37042 1.3338599999999998 -0.05166 
 -1.17629 -2.07751 -2.92406 -4.566020000000001 -4.9603 -5.0589200000000005 
 -4.78545 -4.179930000000001 -3.64278 -1.94356 -0.91716 0.10924 
 1.1206099999999999 2.137 3.16339 4.09243 4.92212 5.11554 4.52816 4.06452 
 3.15537 2.37042 1.3338599999999998 -0.05166 -1.17629 -2.07751 -2.92406 
 -4.566020000000001 -4.9603 -5.0589200000000005 -4.78545 -4.179930000000001 
 -3.64278 -1.94356 -0.91716 0.10924 1.1206099999999999 2.137 3.16339 4.09243 
 4.92212 5.11554 4.52816 4.06452 3.15537 2.37042 1.3338599999999998 -0.05166 
 -1.17629 -2.07751 -2.92406 -4.566020000000001 -4.9603 -5.0589200000000005 
 -4.78545 -4.179930000000001 -3.64278 -3.6423 -4.17737 -4.78053 
 -5.052930000000001 -4.95454 -4.561229999999999 4.0797300000000005 4.70847 
 5.10182 4.92666 4.08005 2.6476900000000003 -3.6423 -4.17737 -4.78053 
 -5.052930000000001 -4.95454 -4.561229999999999 4.0797300000000005 4.70847 
 5.10182 4.92666 4.08005 2.6476900000000003 -3.6423 -4.17737 -4.78053 
 -5.052930000000001 -4.95454 -4.561229999999999 4.0797300000000005 4.70847 
 5.10182 4.92666 4.08005 2.6476900000000003 -3.6423 -4.17737 -4.78053 
 -5.052930000000001 -4.95454 -4.561229999999999 4.0797300000000005 4.70847 
 5.10182 4.92666 4.08005 2.6476900000000003 -3.6423 -4.17737 -4.78053 
 -5.052930000000001 -4.95454 -4.561229999999999 4.0797300000000005 4.70847 
 5.10182 4.92666 4.08005 2.6476900000000003 -3.6423 -4.17737 -4.78053 
 -5.052930000000001 -4.95454 -4.561229999999999 4.0797300000000005 4.70847 
 5.10182 4.92666 4.08005 2.6476900000000003 -2.45425 -1.43787 
 -0.42149000000000003 0.5949 1.61128 2.62766 3.64298 4.71208 
 5.130850000000001 4.82803 4.24271 3.57049 2.86339 2.0218599999999998 
 0.6940700000000001 -0.30988 -1.40639 -2.5179 -3.1350100000000003 
 2*2.0218599999999998 2*-0.78053 -0.68227 4*-0.65707 -0.68227 -0.0783 0.28538 
 0.51174 0.77698 1.00533 1.3666800000000001 -0.42149000000000003 1.61128 
 3*2.0218599999999998 3*-0.78053 -2.45425 -1.43787 -0.42149000000000003 
 0.5949 1.61128 2.62766 3.64298 4.71208 5.130850000000001 4.82803 4.24271 
 3.57049 2.86339 2.03118 0.6940700000000001 -0.30988 -1.3881700000000001 
 -2.5179 -3.1350100000000003 -0.42149000000000003 1.61128 2.0218599999999998 
 1.9023599999999998 2.0218599999999998 -0.78053 -0.6556799999999999 -0.78053 
 -2.45425 -1.43787 -0.42149000000000003 0.5949 1.61128 2.62766 3.64298 
 4.71208 5.130850000000001 4.82803 4.24271 3.57049 2.86339 2.0218599999999998 
 0.6940700000000001 -0.30988 -1.40639 -2.5179 -3.1350100000000003 
 2*2.0218599999999998 2*-0.78053 -0.42149000000000003 1.61128 
 3*2.0218599999999998 -0.6556799999999999 2*-0.78053 -2.45425 -1.43787 
 -0.42149000000000003 0.5949 1.61128 2.62766 3.64298 4.71208 
 5.130850000000001 4.82803 4.24271 3.57049 2.86339 2.03118 0.6940700000000001 
 -0.30988 -1.3881700000000001 -2.5179 -3.1350100000000003 
 -0.42149000000000003 1.61128 2.0218599999999998 1.9023599999999998 
 2.0218599999999998 -0.78053 -0.6556799999999999 -0.78053 -0.68227 4*-0.65707 
 -0.68227 -0.0783 0.28538 0.51174 0.77698 1.00533 1.3666800000000001 -2.45425 
 -1.43787 -0.42149000000000003 0.5949 1.61128 2.62766 3.64298 4.71208 
 5.130850000000001 4.82803 4.24271 3.57049 2.86339 2.0218599999999998 
 0.6940700000000001 -0.30988 -1.40639 -2.5179 -3.1350100000000003 
 2*2.0218599999999998 2*-0.78053 1.61128 3*2.0218599999999998 
 -0.6556799999999999 2*-0.78053 -2.45425 -1.43787 -0.42149000000000003 0.5949 
 1.61128 2.62766 3.64298 4.71208 5.130850000000001 4.82803 4.24271 3.57049 
 2.86339 2.03118 0.6940700000000001 -0.30988 -1.3881700000000001 -2.5179 
 -3.1350100000000003 2.0218599999999998 1.9023599999999998 2.0218599999999998 
 -0.78053 -0.6556799999999999 -0.78053 -0.68227 4*-0.65707 -0.68227 -0.0783 
 0.28538 0.51174 0.77698 1.00533 1.3666800000000001 -3.88933 -3.92313 
 -4.11463 -4.14844 -4.23675 -4.18472 -3.97336 -3.95134 -3.96449 -3.99453 
 -3.30179 -3.2718000000000003
 SMP2 = 35*0.197 25*0.123 35*0.197 25*0.123 35*0.197 25*0.123 180*0.206 
 435*0.005812
 AMP2 = 15*-269.9999999999998 -278.35999999999973 -293.21999999999974 
 -308.0699999999997 -322.9199999999997 -337.77999999999963 -351.1099999999997 
 -2.2700000000000116 -13.639999999999992 -23.889999999999965 
 -28.779999999999966 -33.669999999999966 -38.55999999999997 
 -43.449999999999946 -48.33999999999995 -53.22999999999995 -58.11999999999995 
 -63.019999999999946 -67.90999999999994 -72.79999999999993 -77.69999999999993 
 -83.47999999999992 -90.9699999999999 -98.4699999999999 -105.9699999999999 
 -113.45999999999988 6*-113.80999999999989 -120.98999999999988 
 -129.74999999999986 -138.50999999999985 -147.26999999999984 
 -156.02999999999983 -164.78999999999982 -173.54999999999984 
 -182.30999999999983 -195.31999999999982 -209.8099999999998 
 -224.29999999999978 -238.78999999999976 -253.28999999999976 
 -267.77999999999975 15*-269.9999999999998 -278.35999999999973 
 -293.21999999999974 -308.0699999999997 -322.9199999999997 
 -337.77999999999963 -351.1099999999997 -2.2700000000000116 
 -13.639999999999992 -23.889999999999965 -28.779999999999966 
 -33.669999999999966 -38.55999999999997 -43.449999999999946 
 -48.33999999999995 -53.22999999999995 -58.11999999999995 -63.019999999999946 
 -67.90999999999994 -72.79999999999993 -77.69999999999993 -83.47999999999992 
 -90.9699999999999 -98.4699999999999 -105.9699999999999 -113.45999999999988 
 6*-113.80999999999989 -120.98999999999988 -129.74999999999986 
 -138.50999999999985 -147.26999999999984 -156.02999999999983 
 -164.78999999999982 -173.54999999999984 -182.30999999999983 
 -195.31999999999982 -209.8099999999998 -224.29999999999978 
 -238.78999999999976 -253.28999999999976 -267.77999999999975 
 15*-269.9999999999998 -278.35999999999973 -293.21999999999974 
 -308.0699999999997 -322.9199999999997 -337.77999999999963 -351.1099999999997 
 -2.2700000000000116 -13.639999999999992 -23.889999999999965 
 -28.779999999999966 -33.669999999999966 -38.55999999999997 
 -43.449999999999946 -48.33999999999995 -53.22999999999995 -58.11999999999995 
 -63.019999999999946 -67.90999999999994 -72.79999999999993 -77.69999999999993 
 -83.47999999999992 -90.9699999999999 -98.4699999999999 -105.9699999999999 
 -113.45999999999988 6*-113.80999999999989 -120.98999999999988 
 -129.74999999999986 -138.50999999999985 -147.26999999999984 
 -156.02999999999983 -164.78999999999982 -173.54999999999984 
 -182.30999999999983 -195.31999999999982 -209.8099999999998 
 -224.29999999999978 -238.78999999999976 -253.28999999999976 
 -267.77999999999975 2*-0.0 -359.99999999999966 -0.0 -359.99999999999966 
 2*-0.0 2*-359.99999999999966 -0.0 -359.99999999999966 -0.0 
 3*-359.99999999999966 -8.439999999999984 -23.41999999999997 
 -38.35999999999998 -53.269999999999946 -68.13999999999993 -81.1299999999999 
 -92.26999999999991 -103.6199999999999 -113.84999999999988 
 -118.74999999999989 -123.63999999999987 -128.52999999999986 
 -133.41999999999987 -138.31999999999988 -143.20999999999984 
 -148.09999999999985 -153.00999999999985 -157.89999999999984 
 -162.78999999999985 -167.68999999999983 -173.46999999999983 
 -180.9699999999998 -188.4699999999998 -195.97999999999982 
 -203.47999999999982 6*-203.8199999999998 -211.0099999999998 
 -219.76999999999978 -228.53999999999976 -237.29999999999976 
 -246.05999999999975 -254.80999999999977 -263.5599999999997 
 -272.2999999999997 -284.96999999999974 -299.4599999999997 -313.9899999999997 
 -328.54999999999967 -343.13999999999965 -357.75999999999965 2*-0.0 
 -359.99999999999966 -0.0 -359.99999999999966 2*-0.0 2*-359.99999999999966 
 -0.0 -359.99999999999966 -0.0 3*-359.99999999999966 -8.439999999999984 
 -23.41999999999997 -38.35999999999998 -53.269999999999946 -68.13999999999993 
 -81.1299999999999 -92.26999999999991 -103.6199999999999 -113.84999999999988 
 -118.74999999999989 -123.63999999999987 -128.52999999999986 
 -133.41999999999987 -138.31999999999988 -143.20999999999984 
 -148.09999999999985 -153.00999999999985 -157.89999999999984 
 -162.78999999999985 -167.68999999999983 -173.46999999999983 
 -180.9699999999998 -188.4699999999998 -195.97999999999982 
 -203.47999999999982 6*-203.8199999999998 -211.0099999999998 
 -219.76999999999978 -228.53999999999976 -237.29999999999976 
 -246.05999999999975 -254.80999999999977 -263.5599999999997 
 -272.2999999999997 -284.96999999999974 -299.4599999999997 -313.9899999999997 
 -328.54999999999967 -343.13999999999965 -357.75999999999965 2*-0.0 
 3*-359.99999999999966 2*-0.0 -359.99999999999966 -0.0 6*-359.99999999999966 
 -8.439999999999984 -23.41999999999997 -38.35999999999998 -53.269999999999946 
 -68.13999999999993 -81.1299999999999 -92.26999999999991 -103.6199999999999 
 -113.84999999999988 -118.74999999999989 -123.63999999999987 
 -128.52999999999986 -133.41999999999987 -138.31999999999988 
 -143.20999999999984 -148.09999999999985 -153.00999999999985 
 -157.89999999999984 -162.78999999999985 -167.68999999999983 
 -173.46999999999983 -180.9699999999998 -188.4699999999998 
 -195.97999999999982 -203.47999999999982 6*-203.8199999999998 
 -211.0099999999998 -219.76999999999978 -228.53999999999976 
 -237.29999999999976 -246.05999999999975 -254.80999999999977 
 -263.5599999999997 -272.2999999999997 -284.96999999999974 -299.4599999999997 
 -313.9899999999997 -328.54999999999967 -343.13999999999965 
 -357.75999999999965 6*-269.9999999999998 -289.28999999999974 
 -329.6899999999997 -9.08000000000002 -34.62999999999996 -39.48999999999999 
 -53.83999999999996 -64.33999999999995 -79.60999999999991 -96.3699999999999 
 2*-114.57999999999988 -142.23999999999987 -142.89999999999986 
 -163.31999999999985 -184.45999999999984 -214.9399999999998 
 -244.69999999999973 -265.4499999999997 6*-269.9999999999998 
 -289.28999999999974 -329.6899999999997 -9.08000000000002 -34.62999999999996 
 -39.48999999999999 -53.83999999999996 -64.33999999999995 -79.60999999999991 
 -96.3699999999999 2*-114.57999999999988 -142.23999999999987 
 -142.89999999999986 -163.31999999999985 -184.45999999999984 
 -214.9399999999998 -244.69999999999973 -265.4499999999997 
 6*-269.9999999999998 -289.28999999999974 -329.6899999999997 
 -9.08000000000002 -34.62999999999996 -39.48999999999999 -53.83999999999996 
 -64.33999999999995 -79.60999999999991 -96.3699999999999 
 2*-114.57999999999988 -142.23999999999987 -142.89999999999986 
 -163.31999999999985 -184.45999999999984 -214.9399999999998 
 -244.69999999999973 -265.4499999999997 6*-269.9999999999998 
 -289.28999999999974 -329.6899999999997 -9.08000000000002 -34.62999999999996 
 -39.48999999999999 -53.83999999999996 -64.33999999999995 -79.60999999999991 
 -96.3699999999999 2*-114.57999999999988 -142.23999999999987 
 -142.89999999999986 -163.31999999999985 -184.45999999999984 
 -214.9399999999998 -244.69999999999973 -265.4499999999997 
 6*-269.9999999999998 -289.28999999999974 -329.6899999999997 
 -9.08000000000002 -34.62999999999996 -39.48999999999999 -53.83999999999996 
 -64.33999999999995 -79.60999999999991 -96.3699999999999 
 2*-114.57999999999988 -142.23999999999987 -142.89999999999986 
 -163.31999999999985 -184.45999999999984 -214.9399999999998 
 -244.69999999999973 -265.4499999999997 6*-269.9999999999998 
 -289.28999999999974 -329.6899999999997 -9.08000000000002 -34.62999999999996 
 -39.48999999999999 -53.83999999999996 -64.33999999999995 -79.60999999999991 
 -96.3699999999999 2*-114.57999999999988 -142.23999999999987 
 -142.89999999999986 -163.31999999999985 -184.45999999999984 
 -214.9399999999998 -244.69999999999973 -265.4499999999997 
 -175.44999999999982 -154.69999999999985 -124.93999999999986 
 -94.4599999999999 -73.31999999999992 -52.89999999999994 -309.1299999999997 
 -304.6299999999997 -280.7499999999997 -240.40999999999974 -198.9099999999998 
 -179.99999999999983 -175.44999999999982 -154.69999999999985 
 -124.93999999999986 -94.4599999999999 -73.31999999999992 -52.89999999999994 
 -309.1299999999997 -304.6299999999997 -280.7499999999997 -240.40999999999974 
 -198.9099999999998 -179.99999999999983 -175.44999999999982 
 -154.69999999999985 -124.93999999999986 -94.4599999999999 -73.31999999999992 
 -52.89999999999994 -309.1299999999997 -304.6299999999997 -280.7499999999997 
 -240.40999999999974 -198.9099999999998 -179.99999999999983 
 -175.44999999999982 -154.69999999999985 -124.93999999999986 
 -94.4599999999999 -73.31999999999992 -52.89999999999994 -309.1299999999997 
 -304.6299999999997 -280.7499999999997 -240.40999999999974 -198.9099999999998 
 -179.99999999999983 -175.44999999999982 -154.69999999999985 
 -124.93999999999986 -94.4599999999999 -73.31999999999992 -52.89999999999994 
 -309.1299999999997 -304.6299999999997 -280.7499999999997 -240.40999999999974 
 -198.9099999999998 -179.99999999999983 -175.44999999999982 
 -154.69999999999985 -124.93999999999986 -94.4599999999999 -73.31999999999992 
 -52.89999999999994 -309.1299999999997 -304.6299999999997 -280.7499999999997 
 -240.40999999999974 -198.9099999999998 -179.99999999999983 
 6*-89.99999999999991 -92.4099999999999 -136.23999999999987 
 -171.88999999999984 -214.62999999999977 -216.33999999999978 
 -227.81999999999977 -237.96999999999974 -248.70999999999975 
 -267.9999999999997 -283.5799999999997 2*-294.5799999999997 
 -322.29999999999967 2*-248.70999999999975 2*-294.5799999999997 
 6*-114.57999999999988 -276.78999999999974 -272.25999999999976 
 -269.88999999999976 -267.10999999999973 -264.70999999999975 
 -259.2999999999997 2*-89.99999999999991 3*-248.70999999999975 
 3*-294.5799999999997 6*-89.99999999999991 -92.4099999999999 
 -136.23999999999987 -171.88999999999984 -214.62999999999977 
 -216.33999999999978 -227.81999999999977 -237.96999999999974 
 -248.70999999999975 -267.9999999999997 -283.5799999999997 
 2*-294.5799999999997 -322.29999999999967 2*-89.99999999999991 
 -248.70999999999975 -250.18999999999974 -248.70999999999975 
 -294.5799999999997 -293.8499999999997 -294.5799999999997 
 6*-89.99999999999991 -92.4099999999999 -136.23999999999987 
 -171.88999999999984 -214.62999999999977 -216.33999999999978 
 -227.81999999999977 -237.96999999999974 -248.70999999999975 
 -267.9999999999997 -283.5799999999997 2*-294.5799999999997 
 -322.29999999999967 2*-248.70999999999975 2*-294.5799999999997 
 2*-89.99999999999991 3*-248.70999999999975 -293.8499999999997 
 2*-294.5799999999997 6*-89.99999999999991 -92.4099999999999 
 -136.23999999999987 -171.88999999999984 -214.62999999999977 
 -216.33999999999978 -227.81999999999977 -237.96999999999974 
 -248.70999999999975 -267.9999999999997 -283.5799999999997 
 2*-294.5799999999997 -322.29999999999967 2*-89.99999999999991 
 -248.70999999999975 -250.18999999999974 -248.70999999999975 
 -294.5799999999997 -293.8499999999997 -294.5799999999997 
 6*-114.57999999999988 -276.78999999999974 -272.25999999999976 
 -269.88999999999976 -267.10999999999973 -264.70999999999975 
 -259.2999999999997 6*-89.99999999999991 -92.4099999999999 
 -136.23999999999987 -171.88999999999984 -214.62999999999977 
 -216.33999999999978 -227.81999999999977 -237.96999999999974 
 -248.70999999999975 -267.9999999999997 -283.5799999999997 
 2*-294.5799999999997 -322.29999999999967 2*-248.70999999999975 
 2*-294.5799999999997 -89.99999999999991 3*-248.70999999999975 
 -293.8499999999997 2*-294.5799999999997 6*-89.99999999999991 
 -92.4099999999999 -136.23999999999987 -171.88999999999984 
 -214.62999999999977 -216.33999999999978 -227.81999999999977 
 -237.96999999999974 -248.70999999999975 -267.9999999999997 
 -283.5799999999997 2*-294.5799999999997 -322.29999999999967 
 -248.70999999999975 -250.18999999999974 -248.70999999999975 
 -294.5799999999997 -293.8499999999997 -294.5799999999997 
 6*-114.57999999999988 -276.78999999999974 -272.25999999999976 
 -269.88999999999976 -267.10999999999973 -264.70999999999975 
 -259.2999999999997 -44.99999999999995 -314.9999999999997 -44.99999999999995 
 -314.9999999999997 -239.99999999999977 -149.99999999999986 
 -201.4999999999998 -111.4999999999999 -149.99999999999986 -59.99999999999993 
 -252.54999999999976 -162.54999999999984
 MPNAM2 = 180*'55.A3 Tang' 180*'55.A4 Norm' 144*'55.AA Tang' 72*'55.AB Norm' 
 207*'55.AJ HF S' 12*'55.AL Dive'
 LPNAME = 40*'55.AE Cont'
 /
