 &MACHINEIN
 NECOIL = 648
 NESUM = 1
 NFCOIL = 704
 NFSUM = 62
 NSILOP = 102
 MAGPRI = 354
 NVESEL = 1
 NVSUM = 1
 nacoil = 1
 device = 'MAST-U'
 mqwant = 66
 nwwcur = 18
 nppcur = 18
 nffcur = 18
 nmselp = 33
 /
 &IN3
 RF = 0.24849965 0.24849975 0.24849974 0.2344998 2*0.24849974 3*0.24849972 
 3*0.2484997 3*0.24849969 3*0.24849968 3*0.24849966 0.24849965 2*0.2344997 
 4*0.23449971 2*0.23449972 3*0.23449974 2*0.23449975 3*0.23449977 
 2*0.23449978 2*0.2344998 0.24849965 0.24849975 0.24849974 0.2344998 
 2*0.24849974 3*0.24849972 3*0.2484997 3*0.24849969 3*0.24849968 3*0.24849966 
 0.24849965 2*0.2344997 4*0.23449971 2*0.23449972 3*0.23449974 2*0.23449975 
 3*0.23449977 2*0.23449978 2*0.2344998 1.4350002 1.5350002 1.5100002 
 1.4850003 1.4600002 2*1.4350001 1.4610001 1.4350002 1.4610001 1.4870001 
 1.4610002 1.4870001 1.5130001 1.4870001 1.5130001 1.5390002 1.5130001 1.539 
 1.5650002 1.5390002 2*1.565 1.4350002 1.5350002 1.5100002 1.4850003 
 1.4600002 2*1.4350001 1.4610001 1.4350002 1.4610001 1.4870001 1.4610002 
 1.4870001 1.5130001 1.4870001 1.5130001 1.5390002 1.5130001 1.539 1.5650002 
 1.5390002 2*1.565 1.585 1.61 1.635 1.66 1.685 3*1.585 3*1.635 3*1.66 1.685 
 2*1.6850001 4*1.715 1.6099776 1.60998 1.585 1.61 1.635 1.66 1.685 3*1.585 
 3*1.635 3*1.66 1.685 2*1.6850001 4*1.715 1.6099776 1.60998 2*1.2887001 
 1.3090001 1.2887001 1.3090001 2*1.33415 1.35445 1.33415 1.35445 2*1.2887001 
 1.3090001 1.2887001 1.3090001 2*1.33415 1.35445 1.33415 1.35445 0.35275 
 0.36745015 0.38215014 0.39685005 4*0.35275 0.3527504 4*0.3674504 0.36745 
 4*0.38215002 4*0.39685014 0.39685008 4*0.41155013 0.4115501 0.42625037 
 4*0.42625007 0.41155002 0.4262501 0.35275 0.36745015 0.38215014 0.39685005 
 4*0.35275 0.3527504 4*0.3674504 0.36745 4*0.38215002 4*0.39685014 0.39685008 
 4*0.41155013 0.4115501 0.42625037 4*0.42625007 0.41155002 0.4262501 
 0.6012501 0.58655024 2*0.6012502 0.60125023 2*0.58655 0.5718501 0.57185036 
 0.5718504 2*0.55715007 0.55715 2*0.5424502 0.54245 0.5277502 2*0.52775025 
 0.5718501 0.5571501 0.5424501 0.52774996 0.6012501 0.58655024 2*0.6012502 
 0.60125023 2*0.58655 0.5718501 0.57185036 0.5718504 2*0.55715007 0.55715 
 2*0.5424502 0.54245 0.5277502 2*0.52775025 0.5718501 0.5571501 0.5424501 
 0.52774996 0.82855 0.8432501 2*0.84325004 0.8285502 0.82855004 0.8285504 
 0.81385 0.8138502 0.81385005 0.7991501 2*0.79915005 0.78445005 0.78444934 
 0.78445005 0.7697501 2*0.7697502 0.76975006 0.78445035 0.7991504 0.81384987 
 0.82855 0.8432501 2*0.84325004 0.8285502 0.82855004 0.8285504 0.81385 
 0.8138502 0.81385005 0.7991501 2*0.79915005 0.78445005 0.78444934 0.78445005 
 0.7697501 2*0.7697502 0.76975006 0.78445035 0.7991504 0.81384987 0.93285 
 0.94755 0.93285 0.94755 2*0.96225 0.88875 0.90345 2*0.91815 0.90345 0.88875 
 0.96225 0.94755 0.93285 0.96225 0.94755 0.93285 0.91815 0.90345 0.88875 
 0.88874996 0.90345 0.91815 0.93285 0.94755 0.93285 0.94755 2*0.96225 0.88875 
 0.90345 2*0.91815 0.90345 0.88875 0.96225 0.94755 0.93285 0.96225 0.94755 
 0.93285 0.91815 0.90345 0.88875 0.88874996 0.90345 0.91815 1.9073501 
 1.9220505 5*1.92205 1.9073502 4*1.9073503 1.9073501 1.89265 4*1.8926501 
 1.89265 1.87795 6*1.8779502 1.8926504 1.9073501 1.9220505 5*1.92205 
 1.9073502 4*1.9073503 1.9073501 1.89265 4*1.8926501 1.89265 1.87795 
 6*1.8779502 1.8926504 1.3070499 2*1.32175 1.3217499 1.3070501 1.3217499 
 1.30705 1.29235 1.30705 1.29235 2*1.27765 1.2629501 1.27765 1.26295 
 1.2482501 1.26295 2*1.24825 1.2482501 1.26295 1.27765 1.2923499 1.3070499 
 2*1.32175 1.3217499 1.3070501 1.3217499 1.30705 1.29235 1.30705 1.29235 
 2*1.27765 1.2629501 1.27765 1.26295 1.2482501 1.26295 2*1.24825 1.2482501 
 1.26295 1.27765 1.2923499 1.54205 3*1.55675 1.5420501 1.5567499 1.54205 
 1.5273501 1.5420499 1.5273501 1.5126501 1.52735 1.51265 1.49795 1.51265 
 1.49795 4*1.48325 1.4979501 1.51265 1.52735 1.54205 3*1.55675 1.5420501 
 1.5567499 1.54205 1.5273501 1.5420499 1.5273501 1.5126501 1.52735 1.51265 
 1.49795 1.51265 1.49795 4*1.48325 1.4979501 1.51265 1.52735 1.4057499 
 2*1.50175 1.5947499 1.4057499 2*1.50175 1.5947499 2*1.65175 1.74475 1.55575 
 2*1.65175 1.74475 1.55575 1.2705535 1.2900534 1.3225534 1.3410534 1.3725535 
 1.2705535 1.2900534 1.3225534 1.3410534 1.3725535 0.33644876 2*0.39144874 
 0.44244874 0.33644876 2*0.39144874 0.44244874 0.5122792 2*0.5657792 
 0.61627924 0.5122792 2*0.5657792 0.61627924 0.75427926 2*0.80777925 
 0.8582792 0.75427926 2*0.80777925 0.8582792 0.8729791 2*0.9269791 0.9779791 
 0.8729791 2*0.9269791 0.9779791 1.8598996 2*1.9013996 1.9398996 1.8598996 
 2*1.9013996 1.9398996 1.2313306 2*1.2868307 1.3393307 1.2313306 2*1.2868307 
 1.3393307 1.4663306 2*1.5218307 1.5743307 1.4663306 2*1.5218307 1.5743307 
 0.347 0.36795658 0.3895 0.4594231 0.4759231 0.48 0.66761845 0.66701037 0.347 
 0.36795658 0.3895 0.4594231 0.4759231 0.48 0.66761845 0.66701037 1.4074783 
 1.9163542 1.9539073 1.4074783 1.9163542 1.9539073 0.926 0.922 1.1649592 
 0.99840695 0.926 0.922 1.1649592 0.99840695 0.235 0.2512609 0.267 0.28655 
 0.3035 0.3175 0.267 0.3015 0.49201006 0.95400697 0.29551145 1.416004 
 1.8232511533424258 2*2.0095 2.0695 2.06 2.0542496098205447 2*2.0095 0.235 
 0.2512609 0.267 0.28655 0.3035 0.3175 0.267 0.3015 0.49201006 0.95400697 
 0.29541987 1.416004 1.8232511533424258 2*2.0095 2.0695 2.06 
 2.0542496098205447 2*2.0095
 ZF = 1.4164063 1.0364054 1.0554055 1.0316498 1.0744056 1.0934056 1.1124055 
 1.1314056 1.1504056 1.1694057 1.1884058 1.2074058 1.2264059 1.2454059 
 1.2644058 1.2834059 1.302406 1.321406 1.3404061 1.3594061 1.3784062 
 1.3974062 1.4116491 1.392649 1.3736491 1.3546492 1.3356493 1.3166493 
 1.2976493 1.2786493 1.2596494 1.2406495 1.2216495 1.2026495 1.1836495 
 1.1646496 1.1456497 1.1266497 1.1076497 1.0886497 1.0696498 1.0506499 
 -1.4284064 -1.0484055 -1.0674056 -1.0436499 -1.0864056 -1.1054057 -1.1244056 
 -1.1434057 -1.1624057 -1.1814058 -1.2004058 -1.2194059 -1.238406 -1.257406 
 -1.2764059 -1.295406 -1.314406 -1.3334061 -1.3524061 -1.3714062 -1.3904063 
 -1.4094063 -1.4236492 -1.4046491 -1.3856492 -1.3666493 -1.3476493 -1.3286494 
 -1.3096493 -1.2906494 -1.2716495 -1.2526495 -1.2336496 -1.2146496 -1.1956496 
 -1.1766497 -1.1576498 -1.1386498 -1.1196498 -1.1006498 -1.0816499 -1.06265 
 1.0401499 4*1.0371499 1.0781499 1.1161499 2*1.1541499 1.1161499 2*1.0781499 
 1.1161499 2*1.1541499 1.1161499 2*1.0781499 1.1161499 2*1.1541499 1.1161499 
 1.0781499 -1.04985 4*-1.04685 -1.08785 -1.12585 2*-1.16385 -1.12585 
 2*-1.08785 -1.12585 2*-1.16385 -1.12585 2*-1.08785 -1.12585 2*-1.16385 
 -1.12585 -1.08785 5*0.41065004 0.37165004 0.33265004 0.29365003 0.37165004 
 0.33265004 2*0.29365003 0.33262005 2*0.37165004 0.33265004 0.29365003 
 0.29365006 0.33265004 0.37165004 0.41065004 0.31147972 0.35528255 
 5*-0.42035004 -0.38135004 -0.34235004 -0.30335003 -0.38135004 -0.34235004 
 2*-0.30335003 -0.34232005 2*-0.38135004 -0.34235004 -0.30335003 -0.30335006 
 -0.34235004 -0.38135004 -0.42035004 -0.32117972 -0.36498255 0.996165 
 0.975865 2*0.955565 0.975865 0.931265 0.910965 2*0.890665 0.910965 -1.00165 
 -0.98135 2*-0.96105 -0.98135 -0.93675 -0.91645 2*-0.89615 -0.91645 4*1.60925 
 1.59455 1.57985 1.5651499 1.55045 2*1.5357499 1.55045 1.5651499 1.57985 
 1.59455 1.57985 1.5651499 1.55045 2*1.5357499 1.55045 1.5651499 1.57985 
 2*1.59455 1.57985 1.5651499 1.55045 2*1.5357499 1.55045 1.5651499 1.57985 
 1.59455 2*1.60925 4*-1.62125 -1.6065501 -1.59185 -1.57715 -1.56245 
 2*-1.54775 -1.56245 -1.57715 -1.59185 -1.6065501 -1.59185 -1.57715 -1.56245 
 2*-1.54775 -1.56245 -1.57715 -1.59185 2*-1.6065501 -1.59185 -1.57715 
 -1.56245 2*-1.54775 -1.56245 -1.57715 -1.59185 -1.6065501 2*-1.62125 
 2*1.75705 1.74235 1.72765 2*1.71295 1.72765 1.74235 1.72765 2*1.71295 
 1.72765 2*1.74235 1.72765 2*1.71295 1.72765 1.74235 4*1.75705 2*-1.76705 
 -1.75235 -1.73765 2*-1.72295 -1.73765 -1.75235 -1.73765 2*-1.72295 -1.73765 
 2*-1.75235 -1.73765 2*-1.72295 -1.73765 -1.75235 4*-1.76705 2*2.00405 
 1.9893501 1.97465 1.9599501 1.97465 2*1.9893501 1.97465 2*1.9599501 1.97465 
 2*1.9893501 1.97465 2*1.9599501 1.97465 1.9893501 4*2.00405 2*-2.01205 
 -1.99735 -1.9826499 -1.96795 -1.9826499 2*-1.99735 -1.9826499 2*-1.96795 
 -1.9826499 2*-1.99735 -1.9826499 2*-1.96795 -1.9826499 -1.99735 4*-2.01205 
 2*1.4863499 2*1.47165 1.4863499 4*1.47165 3*1.4863499 3*1.5157499 3*1.50105 
 3*1.5157499 3*1.50105 2*-1.49095 2*-1.47625 -1.49095 4*-1.47625 3*-1.49095 
 3*-1.52035 3*-1.50565 3*-1.52035 3*-1.50565 2*1.9941 1.9794 1.9647 1.95 
 1.9353 1.9206 1.9059 1.9206 1.9353 1.95 1.9647 2*1.9794 1.9647 1.95 1.9353 
 1.9206 2*1.9059 1.9206 1.9353 1.95 1.9647 1.9794 2*1.9941 2*-1.9941 -1.9794 
 -1.9647 -1.95 -1.9353 -1.9206 -1.9059 -1.9206 -1.9353 -1.95 -1.9647 
 2*-1.9794 -1.9647 -1.95 -1.9353 -1.9206 2*-1.9059 -1.9206 -1.9353 -1.95 
 -1.9647 -1.9794 2*-1.9941 2*1.44565 1.4603499 1.47505 1.4897499 1.48975 
 1.47505 1.4603499 1.46035 1.47505 1.48975 1.47505 2*1.4603499 1.47505 
 1.4897499 1.48975 1.47505 1.4603499 4*1.44565 2*-1.45025 -1.46495 -1.47965 
 -1.49435 -1.4943501 -1.47965 -1.46495 -1.4649501 -1.47965 -1.4943501 
 -1.47965 2*-1.46495 -1.47965 -1.49435 -1.4943501 -1.47965 -1.46495 
 4*-1.45025 2*1.44565 1.4603499 1.47505 2*1.4897499 1.47505 2*1.4603499 
 1.47505 2*1.4897499 1.47505 1.46035 1.4603499 1.47505 1.4897499 1.47505 
 1.46035 4*1.44565 2*-1.45025 -1.46495 -1.47965 2*-1.49435 -1.47965 
 2*-1.46495 -1.47965 2*-1.49435 -1.47965 -1.4649501 -1.46495 -1.47965 
 -1.49435 -1.47965 -1.4649501 4*-1.45025 1.09515 1.18865 1.00165 1.09515 
 -1.10485 -1.1983501 -1.01135 -1.10485 0.2586497 0.4456497 2*0.35214972 
 -0.4553497 -0.2683497 2*-0.3618497 0.977515 0.906515 1.0145149 0.872515 
 0.943515 -0.98282045 -0.9118204 -1.02 -0.87782043 -0.9488204 1.5725 
 1.5189999 1.6259999 1.5725 -1.5845001 -1.638 -1.531 -1.5845001 1.735 
 1.6965001 1.7735 1.735 -1.745 -1.7835 -1.7065 -1.745 1.982 1.9435 2.0205 
 1.982 -1.9899999 -2.0284998 -1.9514999 -1.9899999 1.4932127 1.5317127 
 1.4547127 1.4932127 -1.4978127 -1.5363127 -1.4593128 -1.4978127 1.95 1.8875 
 2.0125 1.95 -1.95 -2.0125 -1.8875 -1.95 1.4671999 1.5077 1.4267 1.4671999 
 -1.4718 -1.5123 -1.4313 -1.4718 1.4671999 1.5077 1.4267 1.4671999 -1.4718 
 -1.5123 -1.4313 -1.4718 -2.0485003 -1.9120002 -1.7165 -2.1335828 -2.096083 
 -1.7528342 -2.0943804 -1.9773306 2.0365002 1.9000001 1.7045 2.1224172 
 2.0849173 1.7416688 2.0846195 1.9675695 -1.5573817 -1.663327 -1.7888805 
 1.5527817 1.6587269 1.7842804 -1.3608007 -1.3708004 -1.2108 -1.2546965 
 1.3562007 1.3662003 1.2062 1.2500964 -0.32750002 -0.76699996 -1.209 -1.406 
 -1.419179 -1.4286135 -1.857 -2.1385 -2.2155237 -2.2138314 -2.1936848 
 -2.2121391 -2.2106473831793942 -1.903625 -1.359875 -2.1505 -2.18755 
 -2.2098012320654 -0.816125 -0.272375 0.3155 0.755 1.1969999 1.3939999 
 1.4071789 1.4166135 1.8449999 2.1265 2.204476 2.2061684 2.1814413 2.2078607 
 2.209352454695972 1.3588749 1.902625 2.1545 2.18725 2.2101986058099663 
 0.271375 0.815125
 WF = 0.011004776 2*0.011004772 0.011004777 3*0.011004772 6*0.011004773 
 5*0.011004774 4*0.011004775 0.011004781 0.011004777 0.011004779 0.011004778 
 0.011004779 0.011004778 0.011004777 0.011004778 0.011004771 0.011004777 
 0.011004774 0.011004778 0.011004774 0.011004777 0.011004779 0.011004778 
 0.011004777 0.011004776 2*0.011004775 0.011004776 2*0.011004772 0.011004777 
 3*0.011004772 6*0.011004773 5*0.011004774 4*0.011004775 0.011004781 
 0.011004777 0.011004779 0.011004778 0.011004779 0.011004778 0.011004777 
 0.011004778 0.011004771 0.011004777 0.011004774 0.011004778 0.011004774 
 0.011004777 0.011004779 0.011004778 0.011004777 0.011004776 2*0.011004775 
 2*0.024000004 3*0.024000006 2*0.024000002 2*0.024000004 0.024000002 
 2*0.024000004 0.024000002 12*0.024000004 3*0.024000006 2*0.024000002 
 2*0.024000004 0.024000002 2*0.024000004 0.024000002 10*0.024000004 
 21*0.024000006 0.024401056 0.02440076 21*0.024000006 0.024401056 0.02440076 
 0.018304767 4*0.018304769 6*0.018304767 4*0.018304769 5*0.018304767 
 0.012765342 0.012765347 0.012765346 0.012765343 4*0.012765342 0.012765355 
 0.012765354 3*0.012765355 5*0.012765342 0.012765346 3*0.012765345 
 0.012765344 0.012765345 0.012765346 2*0.012765345 0.012765344 0.012765353 
 4*0.012765343 0.012765342 0.012765344 0.012765342 0.012765347 0.012765346 
 0.012765343 4*0.012765342 0.012765355 0.012765354 3*0.012765355 
 5*0.012765342 0.012765346 3*0.012765345 0.012765344 0.012765345 0.012765346 
 2*0.012765345 0.012765344 0.012765353 4*0.012765343 0.012765342 0.012765344 
 0.012765333 0.012765346 2*0.012765354 0.012765343 0.012765363 0.012765298 
 0.01276536 0.012765366 0.012765365 0.012765391 0.012765361 0.012765346 
 2*0.012765369 0.012765355 0.012765354 2*0.012765348 0.012765355 0.01276535 
 0.012765362 0.012765347 0.012765333 0.012765346 2*0.012765354 0.012765343 
 0.012765363 0.012765298 0.01276536 0.012765366 0.012765365 0.012765391 
 0.012765361 0.012765346 2*0.012765369 0.012765355 0.012765354 2*0.012765348 
 0.012765355 0.01276535 0.012765362 0.012765347 0.012788667 0.012788673 
 2*0.012788667 0.012788674 0.012788665 0.012788682 0.012788667 0.012788683 
 0.012788678 0.012788666 0.012788654 0.012788689 0.012788667 0.012788623 
 0.012788668 0.012788666 2*0.012788692 0.012788667 0.012788665 0.012788657 
 0.012788409 0.012788667 0.012788673 2*0.012788667 0.012788674 0.012788665 
 0.012788682 0.012788667 0.012788683 0.012788678 0.012788666 0.012788654 
 0.012788689 0.012788667 0.012788623 0.012788668 0.012788666 2*0.012788692 
 0.012788667 0.012788665 0.012788657 0.012788409 0.01276534 0.01276527 
 2*0.012765338 0.01276527 0.01276534 0.012765338 0.012765336 0.012765338 
 0.01276534 0.012765266 0.012765268 0.01276534 0.012765338 0.01276534 
 0.01276527 0.012765268 4*0.012765338 0.012765302 0.0127653 0.012765338 
 0.01276534 0.01276527 2*0.012765338 0.01276527 0.01276534 0.012765338 
 0.012765336 0.012765338 0.01276534 0.012765266 0.012765268 0.01276534 
 0.012765338 0.01276534 0.01276527 0.012765268 4*0.012765338 0.012765302 
 0.0127653 0.012765338 0.012781639 0.012781678 0.012781685 0.012781686 
 2*0.012781685 0.012781686 0.012781655 2*0.012781668 2*0.012781667 
 2*0.012781685 4*0.012781681 0.012781685 0.012781684 0.012781678 
 2*0.012781679 0.012781678 0.012781679 0.012781686 0.012781675 0.012781639 
 0.012781678 0.012781685 0.012781686 2*0.012781685 0.012781686 0.012781655 
 2*0.012781668 2*0.012781667 2*0.012781685 4*0.012781681 0.012781685 
 0.012781684 0.012781678 2*0.012781679 0.012781678 0.012781679 0.012781686 
 0.012781675 0.012765301 0.012765268 0.012765338 0.012765302 0.0127653 
 2*0.012765338 0.012765301 0.012765267 0.012765338 0.012765303 0.012765302 
 0.012765301 0.012765338 2*0.012765302 0.0127653 2*0.012765302 0.012765303 
 3*0.012765302 0.012765301 0.012765268 0.012765338 0.012765302 0.0127653 
 2*0.012765338 0.012765301 0.012765267 0.012765338 0.012765303 0.012765302 
 0.012765301 0.012765338 2*0.012765302 0.0127653 2*0.012765302 0.012765303 
 4*0.012765302 0.012765303 2*0.012765268 2*0.012765302 0.012765338 
 0.012765302 0.012765265 0.012765302 0.012765268 0.012765265 0.012765302 
 0.012765266 0.012765467 0.012765268 0.012765301 0.012765302 0.012765338 
 0.012765301 4*0.012765302 0.012765303 2*0.012765268 2*0.012765302 
 0.012765338 0.012765302 0.012765265 0.012765302 0.012765268 0.012765265 
 0.012765302 0.012765266 0.012765467 0.012765268 0.012765301 0.012765302 
 0.012765338 0.012765301 3*0.012765302 0.003 2*0.189 2*0.003 2*0.189 0.003 
 2*0.189 2*0.003 2*0.189 2*0.003 2*0.002 0.102 0.065 3*0.002 0.102 0.065 
 0.002 0.004 2*0.106 2*0.004 2*0.106 0.004 0.003 2*0.104 2*0.003 2*0.104 
 2*0.003 2*0.104 2*0.003 2*0.104 2*0.003 2*0.105 2*0.003 2*0.105 2*0.003 
 2*0.08 2*0.003 2*0.08 2*0.003 2*0.108 2*0.003 2*0.108 2*0.003 2*0.108 
 2*0.003 2*0.108 0.003 0.030000001 2*0.006 0.025000002 0.058000002 
 0.040000003 0.01869975 0.02103385 0.030000001 2*0.006 0.025000002 
 0.058000002 0.040000003 0.01869975 0.02103385 1.0202636 0.0025 0.072606266 
 1.0202636 0.0025 0.072606266 0.046 0.054 0.12 0.012 0.046 0.054 0.12 4*0.012 
 0.026900003 0.007000002 0.021000002 0.012 0.057000004 2*0.4619969 0.06899951 
 0.4619969 0.3524977471679449 2*0.02 0.1 0.12 0.10949916578829288 2*0.02 
 3*0.012 0.026900003 0.007000002 0.021000002 0.012 0.057000004 2*0.4619969 
 0.06899951 0.4619969 0.3524977471679449 2*0.02 0.1 0.12 0.10949916578829288 
 2*0.02
 HF = 0.018006261 0.018006233 0.018006235 0.018006334 2*0.018006237 
 0.01800624 0.018006241 2*0.018006243 0.018006245 0.018006247 2*0.018006248 
 0.01800625 0.018006252 2*0.018006254 0.018006256 0.018006258 0.01800626 
 0.018006261 0.018006366 0.018006364 0.018006362 0.01800636 2*0.018006358 
 0.018006356 0.018006355 0.018006353 0.01800635 0.018006349 2*0.018006347 
 0.018006345 0.018006343 0.018006342 0.01800634 2*0.018006338 0.018006336 
 0.018006261 0.018006233 0.018006235 0.018006334 2*0.018006237 0.01800624 
 0.018006241 2*0.018006243 0.018006245 0.018006247 2*0.018006248 0.01800625 
 0.018006252 2*0.018006254 0.018006256 0.018006258 0.01800626 0.018006261 
 0.018006366 0.018006364 0.018006362 0.01800636 2*0.018006358 0.018006356 
 0.018006355 0.018006353 0.01800635 0.018006349 2*0.018006347 0.018006345 
 0.018006343 0.018006342 0.01800634 2*0.018006338 0.018006336 46*0.037 
 21*0.037000004 0.042231448 0.04142641 21*0.037000004 0.042231448 0.04142641 
 20*0.018304767 70*0.012765341 0.012765357 0.012765324 4*0.012765357 
 0.012765356 3*0.012765357 0.012765358 2*0.012765357 0.012765358 
 10*0.012765357 0.012765324 4*0.012765357 0.012765356 3*0.012765357 
 0.012765358 2*0.012765357 0.012765358 9*0.012765357 0.012788734 
 3*0.012788733 0.012788734 0.012788733 0.012788719 0.012788733 0.012788735 
 0.012788719 0.012788733 0.012788734 0.012788729 0.012788677 0.012788706 
 0.012788707 7*0.012788733 0.012788734 3*0.012788733 0.012788734 0.012788733 
 0.012788719 0.012788733 0.012788735 0.012788719 0.012788733 0.012788734 
 0.012788729 0.012788677 0.012788706 0.012788707 7*0.012788733 0.012765338 
 0.012765268 2*0.012765338 0.012765268 5*0.012765338 2*0.012765268 
 3*0.012765338 2*0.012765268 4*0.012765338 2*0.012765302 2*0.012765338 
 0.012765268 2*0.012765338 0.012765268 5*0.012765338 2*0.012765268 
 3*0.012765338 2*0.012765268 4*0.012765338 2*0.012765302 0.012765338 
 3*0.012781752 0.012781751 4*0.012781752 5*0.012781751 0.012781752 
 3*0.012781751 0.012781752 0.012781751 0.012781752 5*0.012781751 
 5*0.012781752 0.012781751 4*0.012781752 5*0.012781751 0.012781752 
 3*0.012781751 0.012781752 0.012781751 0.012781752 5*0.012781751 
 2*0.012781752 0.012765407 0.012765336 0.012765346 0.012765337 0.012765393 
 0.012765426 0.012765335 0.012765663 0.012765228 0.012765313 0.012765396 
 0.01276532 0.012765371 0.012765589 0.012765366 0.012765436 0.012765644 
 0.012765377 0.012765385 0.01276553 0.012765341 0.012765367 0.012765372 
 0.012765407 0.012765336 0.012765346 0.012765337 0.012765393 0.012765426 
 0.012765335 0.012765663 0.012765228 0.012765313 0.012765396 0.01276532 
 0.012765371 0.012765589 0.012765366 0.012765436 0.012765644 0.012765377 
 0.012765385 0.01276553 0.012765341 0.012765367 0.012765372 0.012765428 
 0.012765468 0.012765256 0.012765264 0.012765518 0.012765498 0.012765349 
 0.012765396 0.012765155 0.012765308 0.012765289 0.012765117 0.012765342 
 0.012765441 0.012765531 0.012765272 0.012765503 0.012765315 0.012765308 
 0.012765338 0.012765311 0.01276532 0.012765388 0.012765428 0.012765468 
 0.012765256 0.012765264 0.012765518 0.012765498 0.012765349 0.012765396 
 0.012765155 0.012765308 0.012765289 0.012765117 0.012765342 0.012765441 
 0.012765531 0.012765272 0.012765503 0.012765315 0.012765308 0.012765338 
 0.012765311 0.01276532 0.012765388 0.19 2*0.003 0.184 0.19 2*0.003 0.184 
 2*0.003 0.184 0.19 2*0.003 0.184 0.19 0.076 0.066 2*0.002 0.14 0.076 0.066 
 2*0.002 0.14 0.111 2*0.004 0.103 0.111 2*0.004 0.103 0.08 2*0.003 0.074 0.08 
 2*0.003 0.074 0.08 2*0.003 0.074 0.08 2*0.003 0.074 0.08 2*0.003 0.074 0.08 
 2*0.003 0.074 0.128 2*0.003 0.122 0.128 2*0.003 0.122 0.084 2*0.003 0.078 
 0.084 2*0.003 0.078 0.084 2*0.003 0.078 0.084 2*0.003 0.078 0.035 0.23800024 
 0.153 0.044000003 0.031000001 0.1207751 0.0098 0.01715 0.035 0.23800024 
 0.153 0.044000003 0.031000001 0.1207751 0.0098 0.01715 0.0025 0.25360698 
 2*0.0025 0.25360698 0.0025 0.008 0.011999297 0.020000001 0.1458471 0.008 
 0.011999297 0.020000001 0.1458471 0.643 0.236 0.648 0.09 0.06364214 
 0.04477303 0.648 0.085 2*0.019999865 0.025117077 2*0.019999865 2*0.54375 
 0.05 0.02409994 0.019999865 2*0.54375 0.643 0.236 0.648 0.09 0.06364214 
 0.04477303 0.648 0.085 2*0.019999865 0.024630161 2*0.019999865 2*0.54375 
 0.04 0.025499992 0.019999865 2*0.54375
 AF = 650*0.0 2.4940517 2*0.0 177.50595 18*0.0 2*0.20987444 0.20987445 
 2*0.20987444 4*0.0 0.20987444 10*0.0 2*0.20987444 0.2097038 2*0.20987444 
 4*0.0 0.20987444 2*0.0
 AF2 = 569*0.0 119.27524999999997 4*0.0 60.72474699999999 60*0.0 80.0025 
 7*0.0 99.99750000000002 15*0.0 45.0 3*0.0 135.0 0.0 97.36914 19*0.0 82.63086 
 18*0.0
 FCTURN = 552*1.0 0.25265956 2*0.2513298 0.24468087 0.25265956 2*0.2513298 
 0.24468087 2*0.2513298 0.24468087 0.25265956 2*0.2513298 0.24468087 
 0.25265956 0.16926503 0.14699331 0.22717148 0.14476614 0.311804 0.16926503 
 0.14699331 0.22717148 0.14476614 0.311804 0.2605634 2*0.2488263 0.24178404 
 0.2605634 2*0.2488263 0.24178404 0.22099444 2*0.2872928 0.20441987 
 0.22099444 2*0.2872928 0.20441987 0.22099444 2*0.2872928 0.20441987 
 0.22099444 2*0.2872928 0.20441987 0.21978022 2*0.28846154 0.20329672 
 0.21978022 2*0.28846154 0.20329672 0.31219515 2*0.19512196 0.297561 
 0.31219515 2*0.19512196 0.297561 0.22222222 2*0.2857143 0.20634921 
 0.22222222 2*0.2857143 0.20634921 0.22222222 2*0.2857143 0.20634921 
 0.22222222 2*0.2857143 0.20634921 0.08998205134043885 0.12237570914776268 
 0.07867001940673542 0.09426692175449086 0.1540835559190771 
 0.4140034933966828 0.01570465687900957 0.030913592155802725 
 0.08998205134043885 0.12237570914776268 0.07867001940673542 
 0.09426692175449086 0.1540835559190771 0.4140034933966828 
 0.01570465687900957 0.030913592155802725 0.7577282914525513 
 0.18834856370044106 0.05392314484700764 0.7577282914525513 
 0.18834856370044106 0.05392314484700764 0.07123324194285184 
 0.1254250995180363 0.4645646445946561 0.3387770139444557 0.07123324194285184 
 0.1254250995180363 0.4645646445946561 0.3387770139444557 0.7315130830489193 
 0.26848691695108073 0.6713443727288704 0.20901812083842278 
 0.03846201560616586 0.08117549082654092 0.6161159805499221 
 0.38388401945007794 2*0.4571295286850679 0.0857409426298642 0.56721907 
 0.43278093 2*0.34163776 0.15707483 0.09085186 0.06879779 2*0.5 
 0.7315130830489193 0.26848691695108073 0.6713443727288704 
 0.20901812083842278 0.03846201560616586 0.08117549082654092 
 0.6161159805499221 0.38388401945007794 2*0.45789061681109655 
 0.08421876637780686 0.56721907 0.43278093 2*0.35080682 0.12903239 0.09870975 
 0.07064422 2*0.5
 FCID = 42*1 42*2 23*3 23*4 23*5 23*6 10*7 10*8 35*9 35*10 23*11 23*12 23*13 
 23*14 24*15 24*16 27*17 27*18 23*19 23*20 23*21 23*22 4*23 4*24 4*25 4*26 
 5*27 5*28 4*29 4*30 4*31 4*32 4*33 4*34 4*35 4*36 4*37 4*38 4*39 4*40 4*41 
 4*42 8*43 8*44 3*45 3*46 4*47 4*48 2*49 4*50 2*51 3*52 2*53 5*54 2*55 2*56 
 4*57 2*58 3*59 2*60 5*61 2*62
 TURNFC = 62*1.0
 RSI = 0.901 0.9544 1.0445 1.1239 1.1505 1.1555 1.2089 0.901 0.9544 1.0445 
 1.1239 1.1505 1.1555 1.2089 2*1.283 1.0472 1.1911 1.3724 1.5603 1.0472 
 1.1911 1.3724 1.5603 8*1.5523 0.6913123 0.78344554 0.87807316 0.9505411 
 1.047165 1.0818608 1.3898586 0.6927083 0.7851749 0.880147 0.9528787 
 1.0498544 1.0821517 1.3901495 2*0.8703 4*0.9807 2*0.8703 0.7512 0.8616 
 0.7512 0.8616 0.7512 0.8616 0.7512 0.8616 0.6195 0.5091 0.6195 0.5091 0.6195 
 0.5091 0.6195 0.5091 0.4295 0.3495 0.4295 0.3495 0.4295 0.3495 0.4295 0.3495 
 6*0.2738 12*0.2418 6*0.2738
 ZSI = 1.3582 1.3041999 1.2150999 1.1366 2*1.1987 1.0527999 -1.3628 -1.3088 
 -1.2198 -1.1413001 2*-1.2033 -1.0543001 0.901515 -0.912 1.5792 1.5732 1.5652 
 1.5572 -1.5833 -1.5773001 -1.5693 -1.5618 0.43915 0.38115 0.32315 0.26515 
 -0.27485 -0.33285 -0.39085 -0.44885 1.7197016 1.8108705 1.9050441 1.9771769 
 2.0733542 2.099137 2.1002653 -1.7302971 -1.8211278 -1.914954 -1.9868209 
 -2.0826435 -2.1058624 -2.1047342 1.4667 2*1.5207 1.4667 -1.4713 2*-1.5253 
 -1.4713 2*2.009 2*1.955 2*-1.9629999 2*-2.017 2*1.763 2*1.707 2*-1.717 
 2*-1.773 2*1.6335 2*1.5155 2*-1.5275 2*-1.6455001 1.2935 1.2918999 1.0906 
 1.089 0.884 0.88240004 0.5736 0.572 0.42459998 0.42299998 0.2656 0.264 
 -0.27600002 -0.27760002 -0.435 -0.4366 -0.584 -0.58559996 -0.8944 
 -0.89599997 -1.1010001 -1.1026001 -1.3039 -1.3055
 LPNAME = 'f_nu_01' 'f_nu_02' 'f_nu_03' 'f_nu_04' 'f_nu_a05' 'f_nu_b05' 
 'f_nu_06' 'f_nl_01' 'f_nl_02' 'f_nl_03' 'f_nl_04' 'f_nl_a05' 'f_nl_b05' 
 'f_nl_06' 'f_p6u_01' 'f_p6l_01' 'f_bu_01' 'f_bu_02' 'f_bu_03' 'f_bu_04' 
 'f_bl_01' 'f_bl_02' 'f_bl_03' 'f_bl_04' 'f_p5u_01' 'f_p5u_02' 'f_p5u_03' 
 'f_p5u_04' 'f_p5l_04' 'f_p5l_03' 'f_p5l_02' 'f_p5l_01' 'f_xu_01' 'f_xu_02' 
 'f_xu_03' 'f_xu_04' 'f_xu_05' 'f_xu_06' 'f_xu_07' 'f_xl_01' 'f_xl_02' 
 'f_xl_03' 'f_xl_04' 'f_xl_05' 'f_xl_06' 'f_xl_07' 'f_dpu_01' 'f_dpu_02' 
 'f_dpu_03' 'f_dpu_04' 'f_dpl_04' 'f_dpl_03' 'f_dpl_02' 'f_dpl_01' 'f_d3u_02' 
 'f_d3u_03' 'f_d3u_01' 'f_d3u_04' 'f_d3l_01' 'f_d3l_02' 'f_d3l_04' 'f_d3l_03' 
 'f_d2u_03' 'f_d2u_02' 'f_d2u_04' 'f_d2u_01' 'f_d2l_02' 'f_d2l_01' 'f_d2l_03' 
 'f_d2l_04' 'f_d1u_03' 'f_d1u_02' 'f_d1u_04' 'f_d1u_01' 'f_d1l_04' 'f_d1l_01' 
 'f_d1l_03' 'f_d1l_02' 'f_c_a01' 'f_c_b01' 'f_c_a02' 'f_c_b02' 'f_c_a03' 
 'f_c_b03' 'f_c_a04' 'f_c_b04' 'f_c_a05' 'f_c_b05' 'f_c_a06' 'f_c_b06' 
 'f_c_a07' 'f_c_b07' 'f_c_a08' 'f_c_b08' 'f_c_a09' 'f_c_b09' 'f_c_a10' 
 'f_c_b10' 'f_c_a11' 'f_c_b11' 'f_c_a12' 'f_c_b12'
 XMP2 = 6*0.2768999934196472 0.2648630738258362 0.25155723094940186 
 16*0.24490000307559967 0.25155723094940186 0.2648630738258362 
 12*0.2768999934196472 0.2648630738258362 0.25155723094940186 
 16*0.24490000307559967 0.25155723094940186 0.2648630738258362 
 6*0.2768999934196472 0.5253443717956543 0.5518122911453247 
 0.5782801508903503 0.604748010635376 0.6312159299850464 0.6576838493347168 
 0.6841517090797424 0.7106195688247681 0.7370874285697937 0.7635553479194641 
 0.7900232076644897 0.8164910674095154 0.8429589867591858 0.8694269061088562 
 0.8958947658538818 0.9223626255989075 0.9488304853439331 0.9752984046936035 
 1.1075743436813354 1.145068883895874 1.1825737953186035 1.2200684547424316 
 1.2575732469558716 1.2950679063796997 1.4419746398925781 1.46858811378479 
 1.4952014684677124 1.5218150615692139 1.5484284162521362 1.5750418901443481 
 1.6016552448272705 1.628268837928772 1.6548823118209839 1.6814956665039062 
 1.7081092596054077 1.73472261428833 0.5253443717956543 0.5518122911453247 
 0.5782801508903503 0.604748010635376 0.6312159299850464 0.6576838493347168 
 0.6841517090797424 0.7106195688247681 0.7370874285697937 0.7635553479194641 
 0.7900232076644897 0.8164910674095154 0.8429589867591858 0.8694269061088562 
 0.8958947658538818 0.9223626255989075 0.9488304853439331 0.9752984046936035 
 1.1075743436813354 1.145068883895874 1.1825737953186035 1.2200684547424316 
 1.2575732469558716 1.2950679063796997 1.4419746398925781 1.46858811378479 
 1.4952014684677124 1.5218150615692139 1.5484284162521362 1.5750418901443481 
 1.6016552448272705 1.628268837928772 1.6548823118209839 1.6814956665039062 
 1.7081092596054077 1.73472261428833 0.5262200832366943 0.5527850985527039 
 0.5793501734733582 0.6059151887893677 0.632480263710022 0.6590452790260315 
 0.6856103539466858 0.7121753692626953 0.7387403845787048 0.7653054594993591 
 0.7918704748153687 0.818435549736023 0.8450005650520325 0.8715656399726868 
 0.8981306552886963 0.9246956706047058 0.9512606859207153 0.9778258204460144 
 1.107938289642334 1.1454226970672607 1.1829378604888916 1.2204221487045288 
 1.2579373121261597 1.2954217195510864 1.4418221712112427 1.4682414531707764 
 1.4946606159210205 1.5210797786712646 1.5474989414215088 1.5739182233810425 
 1.600337266921997 1.6267565488815308 1.653175711631775 1.6795949935913086 
 1.7060141563415527 1.7324333190917969 0.5262200832366943 0.5527850985527039 
 0.5793501734733582 0.6059151887893677 0.632480263710022 0.6590452790260315 
 0.6856103539466858 0.7121753692626953 0.7387403845787048 0.7653054594993591 
 0.7918704748153687 0.818435549736023 0.8450005650520325 0.8715656399726868 
 0.8981306552886963 0.9246956706047058 0.9512606859207153 0.9778258204460144 
 1.107938289642334 1.1454226970672607 1.1829378604888916 1.2204221487045288 
 1.2579373121261597 1.2954217195510864 1.4418221712112427 1.4682414531707764 
 1.4946606159210205 1.5210797786712646 1.5474989414215088 1.5739182233810425 
 1.600337266921997 1.6267565488815308 1.653175711631775 1.6795949935913086 
 1.7060141563415527 1.7324333190917969 0.93727046251297 0.963948130607605 
 0.9905343651771545 1.0172120332717896 1.0437982082366943 1.0704759359359741 
 1.097062110900879 1.1237398386001587 1.1503260135650635 1.1770037412643433 
 1.203589916229248 0.93727046251297 0.963948130607605 0.9905343651771545 
 1.0172120332717896 1.0437982082366943 1.0704759359359741 1.097062110900879 
 1.1237398386001587 1.1503260135650635 1.1770037412643433 1.203589916229248 
 0.9372553825378418 0.9638873338699341 0.9905192852020264 1.0171512365341187 
 1.043783187866211 1.0704151391983032 1.0970470905303955 1.1236790418624878 
 1.15031099319458 1.1769429445266724 1.2035748958587646 0.9372553825378418 
 0.9638873338699341 0.9905192852020264 1.0171512365341187 1.043783187866211 
 1.0704151391983032 1.0970470905303955 1.1236790418624878 1.15031099319458 
 1.1769429445266724 1.2035748958587646 1.0625661611557007 1.1000404357910156 
 1.1374948024749756 1.174968957901001 1.212423324584961 1.2498975992202759 
 1.2873519659042358 1.3248262405395508 1.3622806072235107 1.3997548818588257 
 1.4372092485427856 1.0625661611557007 1.1000404357910156 1.1374948024749756 
 1.174968957901001 1.212423324584961 1.2498975992202759 1.2873519659042358 
 1.3248262405395508 1.3622806072235107 1.3997548818588257 1.4372092485427856 
 1.062566876411438 1.1000176668167114 1.137495517730713 1.1749463081359863 
 1.2124241590499878 1.2498749494552612 1.2873526811599731 1.3248034715652466 
 1.362281322479248 1.3997321128845215 1.437209963798523 1.062566876411438 
 1.1000176668167114 1.137495517730713 1.1749463081359863 1.2124241590499878 
 1.2498749494552612 1.2873526811599731 1.3248034715652466 1.362281322479248 
 1.3997321128845215 1.437209963798523 1.534266471862793 1.5439571142196655 
 1.5536777973175049 1.5633684396743774 1.573089361190796 1.582779884338379 
 1.5925006866455078 1.6021913290023804 1.6119121313095093 
 11*1.8432496786117554 1.6119115352630615 1.6021907329559326 1.59250009059906 
 1.5827792882919312 1.5730887651443481 1.5633678436279297 1.5536772012710571 
 1.5439563989639282 1.5342658758163452 1.534266471862793 1.5439571142196655 
 1.5536777973175049 1.5633684396743774 1.573089361190796 1.582779884338379 
 1.5925006866455078 1.6021913290023804 1.6119121313095093 
 11*1.8432496786117554 1.6119115352630615 1.6021907329559326 1.59250009059906 
 1.5827792882919312 1.5730887651443481 1.5633678436279297 1.5536772012710571 
 1.5439563989639282 1.5342658758163452
 YMP2 = 1.262030005455017 1.1870300769805908 1.112030029296875 
 1.012030005455017 0.9370301365852356 0.8620301485061646 0.7570992708206177 
 0.6832889914512634 0.5940000414848328 0.5189999938011169 0.4439999759197235 
 0.36899998784065247 0.2939999997615814 0.21899999678134918 
 0.14400000870227814 0.0690000057220459 -0.08100000023841858 
 -0.15600000321865082 -0.23099999129772186 -0.3060000240802765 
 -0.38100001215934753 -0.4560000002384186 -0.5309999585151672 
 -0.6060000061988831 -0.6952889561653137 -0.769099235534668 
 -0.8740301132202148 -0.9490301012992859 -1.024030089378357 
 -1.1240301132202148 -1.1990301609039307 -1.274030089378357 1.262030005455017 
 1.1870300769805908 1.112030029296875 1.012030005455017 0.9370301365852356 
 0.8620301485061646 0.7570992708206177 0.6832889914512634 0.5940000414848328 
 0.5189999938011169 0.4439999759197235 0.36899998784065247 0.2939999997615814 
 0.21899999678134918 0.14400000870227814 0.0690000057220459 
 -0.08100000023841858 -0.15600000321865082 -0.23099999129772186 
 -0.3060000240802765 -0.38100001215934753 -0.4560000002384186 
 -0.5309999585151672 -0.6060000061988831 -0.6952889561653137 
 -0.769099235534668 -0.8740301132202148 -0.9490301012992859 
 -1.024030089378357 -1.1240301132202148 -1.1990301609039307 
 -1.274030089378357 1.5773974657058716 1.6039625406265259 1.6305276155471802 
 1.657092571258545 1.6836576461791992 1.7102227210998535 1.7367876768112183 
 1.7633527517318726 1.7899178266525269 1.8164829015731812 1.843047857284546 
 1.8696129322052002 1.896177887916565 1.9227429628372192 1.9493080377578735 
 1.9758729934692383 2.0024380683898926 2.029003143310547 2.109210729598999 
 2.1093685626983643 2.109485626220703 2.1096434593200684 2.109760284423828 
 2.1099181175231934 2.039949417114258 2.0135302543640137 1.9871110916137695 
 1.9606919288635254 1.9342726469039917 1.9078534841537476 1.8814343214035034 
 1.8550151586532593 1.8285958766937256 1.8021767139434814 1.7757575511932373 
 1.7493382692337036 1.5773974657058716 1.6039625406265259 1.6305276155471802 
 1.657092571258545 1.6836576461791992 1.7102227210998535 1.7367876768112183 
 1.7633527517318726 1.7899178266525269 1.8164829015731812 1.843047857284546 
 1.8696129322052002 1.896177887916565 1.9227429628372192 1.9493080377578735 
 1.9758729934692383 2.0024380683898926 2.029003143310547 2.109210729598999 
 2.1093685626983643 2.109485626220703 2.1096434593200684 2.109760284423828 
 2.1099181175231934 2.039949417114258 2.0135302543640137 1.9871110916137695 
 1.9606919288635254 1.9342726469039917 1.9078534841537476 1.8814343214035034 
 1.8550151586532593 1.8285958766937256 1.8021767139434814 1.7757575511932373 
 1.7493382692337036 -1.5886021852493286 -1.615070104598999 
 -1.6415379047393799 -1.6680058240890503 -1.6944736242294312 
 -1.7209415435791016 -1.747409462928772 -1.7738773822784424 
 -1.8003453016281128 -1.8268131017684937 -1.853281021118164 
 -1.879748821258545 -1.9062167406082153 -1.9326845407485962 
 -1.9591525793075562 -1.985620379447937 -2.0120882987976074 
 -2.0385560989379883 -2.1157474517822266 -2.115630626678467 
 -2.1154727935791016 -2.115355968475342 -2.1151978969573975 
 -2.1150810718536377 -2.0440380573272705 -2.0174248218536377 
 -1.9908112287521362 -1.9641977548599243 -1.9375842809677124 
 -1.91097092628479 -1.8843574523925781 -1.8577438592910767 
 -1.8311305046081543 -1.8045170307159424 -1.7779035568237305 
 -1.7512900829315186 -1.5886021852493286 -1.615070104598999 
 -1.6415379047393799 -1.6680058240890503 -1.6944736242294312 
 -1.7209415435791016 -1.747409462928772 -1.7738773822784424 
 -1.8003453016281128 -1.8268131017684937 -1.853281021118164 
 -1.879748821258545 -1.9062167406082153 -1.9326845407485962 
 -1.9591525793075562 -1.985620379447937 -2.0120882987976074 
 -2.0385560989379883 -2.1157474517822266 -2.115630626678467 
 -2.1154727935791016 -2.115355968475342 -2.1151978969573975 
 -2.1150810718536377 -2.0440380573272705 -2.0174248218536377 
 -1.9908112287521362 -1.9641977548599243 -1.9375842809677124 
 -1.91097092628479 -1.8843574523925781 -1.8577438592910767 
 -1.8311305046081543 -1.8045170307159424 -1.7779035568237305 
 -1.7512900829315186 1.3090441226959229 1.282629132270813 1.2562429904937744 
 1.2298280000686646 1.203441858291626 1.1770268678665161 1.150640845298767 
 1.1242257356643677 1.0978397130966187 1.0714246034622192 1.0450385808944702 
 1.3090441226959229 1.282629132270813 1.2562429904937744 1.2298280000686646 
 1.203441858291626 1.1770268678665161 1.150640845298767 1.1242257356643677 
 1.0978397130966187 1.0714246034622192 1.0450385808944702 -1.3136290311813354 
 -1.287213921546936 -1.260827898979187 -1.2344129085540771 
 -1.2080267667770386 -1.1816117763519287 -1.1552257537841797 
 -1.1288106441497803 -1.1024246215820312 -1.0760095119476318 
 -1.0496234893798828 -1.3136290311813354 -1.287213921546936 
 -1.260827898979187 -1.2344129085540771 -1.2080267667770386 
 -1.1816117763519287 -1.1552257537841797 -1.1288106441497803 
 -1.1024246215820312 -1.0760095119476318 -1.0496234893798828 
 1.5662860870361328 1.5646512508392334 1.5630146265029907 1.5613799095153809 
 1.5597432851791382 1.5581084489822388 1.556471824645996 1.5548369884490967 
 1.553200364112854 1.5515655279159546 1.549928903579712 1.5662860870361328 
 1.5646512508392334 1.5630146265029907 1.5613799095153809 1.5597432851791382 
 1.5581084489822388 1.556471824645996 1.5548369884490967 1.553200364112854 
 1.5515655279159546 1.549928903579712 -1.5709036588668823 -1.569268822669983 
 -1.5676321983337402 -1.5659973621368408 -1.5643607378005981 
 -1.5627259016036987 -1.561089277267456 -1.5594544410705566 
 -1.557817816734314 -1.5561829805374146 -1.5545463562011719 
 -1.5709036588668823 -1.569268822669983 -1.5676321983337402 
 -1.5659973621368408 -1.5643607378005981 -1.5627259016036987 
 -1.561089277267456 -1.5594544410705566 -1.557817816734314 
 -1.5561829805374146 -1.5545463562011719 0.7968043088912964 
 0.7606019377708435 0.7243598699569702 0.6881575584411621 0.6519154906272888 
 0.6157131195068359 0.5794709920883179 0.5432686805725098 0.5070265531539917 
 0.18747948110103607 0.1499999761581421 0.11247938126325607 
 0.07499998062849045 0.037479378283023834 -2.2900000118397656e-08 
 -0.037520620971918106 -0.07500002533197403 -0.11252062022686005 
 -0.15000002086162567 -0.18752062320709229 -0.5070462226867676 
 -0.5432685017585754 -0.5794907212257385 -0.6157128810882568 
 -0.6519351005554199 -0.6881573796272278 -0.7243795394897461 
 -0.760601818561554 -0.7968239784240723 0.7968043088912964 0.7606019377708435 
 0.7243598699569702 0.6881575584411621 0.6519154906272888 0.6157131195068359 
 0.5794709920883179 0.5432686805725098 0.5070265531539917 0.18747948110103607 
 0.1499999761581421 0.11247938126325607 0.07499998062849045 
 0.037479378283023834 -2.2900000118397656e-08 -0.037520620971918106 
 -0.07500002533197403 -0.11252062022686005 -0.15000002086162567 
 -0.18752062320709229 -0.5070462226867676 -0.5432685017585754 
 -0.5794907212257385 -0.6157128810882568 -0.6519351005554199 
 -0.6881573796272278 -0.7243795394897461 -0.760601818561554 
 -0.7968239784240723
 AMP2 = 6*90.00000250447816 2*79.79999607346706 16*90.00000250447816 
 2*100.20000210530011 12*90.00000250447816 2*79.79999607346706 
 16*90.00000250447816 2*100.20000210530011 6*90.00000250447816 
 315.1049650949256 45.10496418430925 315.1049650949256 45.10496418430925 
 315.1049650949256 45.10496418430925 315.1049650949256 45.10496418430925 
 315.1049650949256 45.10496418430925 315.1049650949256 45.10496418430925 
 315.1049650949256 45.10496418430925 315.1049650949256 45.10496418430925 
 315.1049650949256 45.10496418430925 0.20987445095858168 270.209875548338 
 0.20987445095858168 270.209875548338 0.20987445095858168 270.209875548338 
 225.20987771119349 315.2098768005771 225.20987771119349 315.2098768005771 
 225.20987771119349 315.2098768005771 225.20987771119349 315.2098768005771 
 225.20987771119349 315.2098768005771 225.20987771119349 315.2098768005771 
 315.1049650949256 45.10496418430925 315.1049650949256 45.10496418430925 
 315.1049650949256 45.10496418430925 315.1049650949256 45.10496418430925 
 315.1049650949256 45.10496418430925 315.1049650949256 45.10496418430925 
 315.1049650949256 45.10496418430925 315.1049650949256 45.10496418430925 
 315.1049650949256 45.10496418430925 0.20987445095858168 270.209875548338 
 0.20987445095858168 270.209875548338 0.20987445095858168 270.209875548338 
 225.20987771119349 315.2098768005771 225.20987771119349 315.2098768005771 
 225.20987771119349 315.2098768005771 225.20987771119349 315.2098768005771 
 225.20987771119349 315.2098768005771 225.20987771119349 315.2098768005771 
 45.10496418430925 135.1049666887874 45.10496418430925 135.1049666887874 
 45.10496418430925 135.1049666887874 45.10496418430925 135.1049666887874 
 45.10496418430925 135.1049666887874 45.10496418430925 135.1049666887874 
 45.10496418430925 135.1049666887874 45.10496418430925 135.1049666887874 
 45.10496418430925 135.1049666887874 180.20987304385983 90.20987372710515 
 180.20987304385983 90.20987372710515 180.20987304385983 90.20987372710515 
 135.20987839443882 225.20987771119349 135.20987839443882 225.20987771119349 
 135.20987839443882 225.20987771119349 135.20987839443882 225.20987771119349 
 135.20987839443882 225.20987771119349 135.20987839443882 225.20987771119349 
 45.10496418430925 135.1049666887874 45.10496418430925 135.1049666887874 
 45.10496418430925 135.1049666887874 45.10496418430925 135.1049666887874 
 45.10496418430925 135.1049666887874 45.10496418430925 135.1049666887874 
 45.10496418430925 135.1049666887874 45.10496418430925 135.1049666887874 
 45.10496418430925 135.1049666887874 180.20987304385983 90.20987372710515 
 180.20987304385983 90.20987372710515 180.20987304385983 90.20987372710515 
 135.20987839443882 225.20987771119349 135.20987839443882 225.20987771119349 
 135.20987839443882 225.20987771119349 135.20987839443882 225.20987771119349 
 135.20987839443882 225.20987771119349 135.20987839443882 225.20987771119349 
 314.9999987477609 224.99999965837733 314.9999987477609 224.99999965837733 
 314.9999987477609 224.99999965837733 314.9999987477609 224.99999965837733 
 314.9999987477609 224.99999965837733 2*314.9999987477609 224.99999965837733 
 314.9999987477609 224.99999965837733 314.9999987477609 224.99999965837733 
 314.9999987477609 224.99999965837733 314.9999987477609 224.99999965837733 
 314.9999987477609 224.99999965837733 135.00000034162267 224.99999965837733 
 135.00000034162267 224.99999965837733 135.00000034162267 224.99999965837733 
 135.00000034162267 224.99999965837733 135.00000034162267 
 2*224.99999965837733 135.00000034162267 224.99999965837733 
 135.00000034162267 224.99999965837733 135.00000034162267 224.99999965837733 
 135.00000034162267 224.99999965837733 135.00000034162267 224.99999965837733 
 177.50000550856993 267.5000048253246 177.50000550856993 267.5000048253246 
 177.50000550856993 267.5000048253246 177.50000550856993 267.5000048253246 
 177.50000550856993 267.5000048253246 2*177.50000550856993 267.5000048253246 
 177.50000550856993 267.5000048253246 177.50000550856993 267.5000048253246 
 177.50000550856993 267.5000048253246 177.50000550856993 267.5000048253246 
 177.50000550856993 2.49999992727323 92.4999951746754 2.49999992727323 
 92.4999951746754 2.49999992727323 92.4999951746754 2.49999992727323 
 92.4999951746754 2.49999992727323 92.4999951746754 2*2.49999992727323 
 92.4999951746754 2.49999992727323 92.4999951746754 2.49999992727323 
 92.4999951746754 2.49999992727323 92.4999951746754 2.49999992727323 
 92.4999951746754 2.49999992727323 285.00000132802944 195.00000565374046 
 285.00000132802944 195.00000565374046 285.00000132802944 195.00000565374046 
 285.00000132802944 195.00000565374046 285.00000132802944 269.9999974955218 
 180.00000500895632 269.9999974955218 180.00000500895632 269.9999974955218 
 180.00000500895632 269.9999974955218 180.00000500895632 269.9999974955218 
 180.00000500895632 269.9999974955218 255.0000004932034 164.99999434625954 
 255.0000004932034 164.99999434625954 255.0000004932034 164.99999434625954 
 255.0000004932034 164.99999434625954 255.0000004932034 285.00000132802944 
 195.00000565374046 285.00000132802944 195.00000565374046 285.00000132802944 
 195.00000565374046 285.00000132802944 195.00000565374046 285.00000132802944 
 269.9999974955218 180.00000500895632 269.9999974955218 180.00000500895632 
 269.9999974955218 180.00000500895632 269.9999974955218 180.00000500895632 
 269.9999974955218 180.00000500895632 269.9999974955218 255.0000004932034 
 164.99999434625954 255.0000004932034 164.99999434625954 255.0000004932034 
 164.99999434625954 255.0000004932034 164.99999434625954 255.0000004932034
 MPNAM2 = 'b_c1_p01' 'b_c1_p03' 'b_c1_p05' 'b_c1_p07' 'b_c1_p09' 'b_c1_p10' 
 'b_c1_p12' 'b_c1_p14' 'b_c1_p15' 'b_c1_p16' 'b_c1_p18' 'b_c1_p20' 'b_c1_p22' 
 'b_c1_p23' 'b_c1_p25' 'b_c1_p27' 'b_c1_p28' 'b_c1_p30' 'b_c1_p32' 'b_c1_p33' 
 'b_c1_p35' 'b_c1_p37' 'b_c1_p39' 'b_c1_p40' 'b_c1_p41' 'b_c1_p43' 'b_c1_p45' 
 'b_c1_p46' 'b_c1_p48' 'b_c1_p50' 'b_c1_p52' 'b_c1_p54' 'b_c2_p01' 'b_c2_p03' 
 'b_c2_p05' 'b_c2_p07' 'b_c2_p09' 'b_c2_p10' 'b_c2_p12' 'b_c2_p14' 'b_c2_p15' 
 'b_c2_p16' 'b_c2_p18' 'b_c2_p20' 'b_c2_p22' 'b_c2_p23' 'b_c2_p25' 'b_c2_p27' 
 'b_c2_p28' 'b_c2_p30' 'b_c2_p32' 'b_c2_p33' 'b_c2_p35' 'b_c2_p37' 'b_c2_p39' 
 'b_c2_p40' 'b_c2_p41' 'b_c2_p43' 'b_c2_p45' 'b_c2_p46' 'b_c2_p48' 'b_c2_p50' 
 'b_c2_p52' 'b_c2_p54' 'b_xu1_n01' 'b_xu1_p02' 'b_xu1_n03' 'b_xu1_p04' 
 'b_xu1_n05' 'b_xu1_p06' 'b_xu1_n07' 'b_xu1_p08' 'b_xu1_n09' 'b_xu1_p10' 
 'b_xu1_n11' 'b_xu1_p12' 'b_xu1_n13' 'b_xu1_p14' 'b_xu1_n15' 'b_xu1_p16' 
 'b_xu1_n17' 'b_xu1_p18' 'b_xu1_p19' 'b_xu1_n20' 'b_xu1_p21' 'b_xu1_n22' 
 'b_xu1_p23' 'b_xu1_n24' 'b_xu1_n25' 'b_xu1_p26' 'b_xu1_n27' 'b_xu1_p28' 
 'b_xu1_n29' 'b_xu1_p30' 'b_xu1_n31' 'b_xu1_p32' 'b_xu1_n33' 'b_xu1_p34' 
 'b_xu1_n35' 'b_xu1_p36' 'b_xu2_n01' 'b_xu2_p02' 'b_xu2_n03' 'b_xu2_p04' 
 'b_xu2_n05' 'b_xu2_p06' 'b_xu2_n07' 'b_xu2_p08' 'b_xu2_n09' 'b_xu2_p10' 
 'b_xu2_n11' 'b_xu2_p12' 'b_xu2_n13' 'b_xu2_p14' 'b_xu2_n15' 'b_xu2_p16' 
 'b_xu2_n17' 'b_xu2_p18' 'b_xu2_p19' 'b_xu2_n20' 'b_xu2_p21' 'b_xu2_n22' 
 'b_xu2_p23' 'b_xu2_n24' 'b_xu2_n25' 'b_xu2_p26' 'b_xu2_n27' 'b_xu2_p28' 
 'b_xu2_n29' 'b_xu2_p30' 'b_xu2_n31' 'b_xu2_p32' 'b_xu2_n33' 'b_xu2_p34' 
 'b_xu2_n35' 'b_xu2_p36' 'b_xl1_n01' 'b_xl1_p02' 'b_xl1_n03' 'b_xl1_p04' 
 'b_xl1_n05' 'b_xl1_p06' 'b_xl1_n07' 'b_xl1_p08' 'b_xl1_n09' 'b_xl1_p10' 
 'b_xl1_n11' 'b_xl1_p12' 'b_xl1_n13' 'b_xl1_p14' 'b_xl1_n15' 'b_xl1_p16' 
 'b_xl1_n17' 'b_xl1_p18' 'b_xl1_p19' 'b_xl1_n20' 'b_xl1_p21' 'b_xl1_n22' 
 'b_xl1_p23' 'b_xl1_n24' 'b_xl1_n25' 'b_xl1_p26' 'b_xl1_n27' 'b_xl1_p28' 
 'b_xl1_n29' 'b_xl1_p30' 'b_xl1_n31' 'b_xl1_p32' 'b_xl1_n33' 'b_xl1_p34' 
 'b_xl1_n35' 'b_xl1_p36' 'b_xl2_n01' 'b_xl2_p02' 'b_xl2_n03' 'b_xl2_p04' 
 'b_xl2_n05' 'b_xl2_p06' 'b_xl2_n07' 'b_xl2_p08' 'b_xl2_n09' 'b_xl2_p10' 
 'b_xl2_n11' 'b_xl2_p12' 'b_xl2_n13' 'b_xl2_p14' 'b_xl2_n15' 'b_xl2_p16' 
 'b_xl2_n17' 'b_xl2_p18' 'b_xl2_p19' 'b_xl2_n20' 'b_xl2_p21' 'b_xl2_n22' 
 'b_xl2_p23' 'b_xl2_n24' 'b_xl2_n25' 'b_xl2_p26' 'b_xl2_n27' 'b_xl2_p28' 
 'b_xl2_n29' 'b_xl2_p30' 'b_xl2_n31' 'b_xl2_p32' 'b_xl2_n33' 'b_xl2_p34' 
 'b_xl2_n35' 'b_xl2_p36' 'b_nu1_p01' 'b_nu1_n02' 'b_nu1_p03' 'b_nu1_n04' 
 'b_nu1_p05' 'b_nu1_n06' 'b_nu1_p07' 'b_nu1_n08' 'b_nu1_p09' 'b_nu1_n10' 
 'b_nu1_p11' 'b_nu2_p01' 'b_nu2_n02' 'b_nu2_p03' 'b_nu2_n04' 'b_nu2_p05' 
 'b_nu2_n06' 'b_nu2_p07' 'b_nu2_n08' 'b_nu2_p09' 'b_nu2_n10' 'b_nu2_p11' 
 'b_nl1_p01' 'b_nl1_n02' 'b_nl1_p03' 'b_nl1_n04' 'b_nl1_p05' 'b_nl1_n06' 
 'b_nl1_p07' 'b_nl1_n08' 'b_nl1_p09' 'b_nl1_n10' 'b_nl1_p11' 'b_nl2_p01' 
 'b_nl2_n02' 'b_nl2_p03' 'b_nl2_n04' 'b_nl2_p05' 'b_nl2_n06' 'b_nl2_p07' 
 'b_nl2_n08' 'b_nl2_p09' 'b_nl2_n10' 'b_nl2_p11' 'b_bu1_p01' 'b_bu1_n02' 
 'b_bu1_p03' 'b_bu1_n04' 'b_bu1_p05' 'b_bu1_n06' 'b_bu1_p07' 'b_bu1_n08' 
 'b_bu1_p09' 'b_bu1_n10' 'b_bu1_p11' 'b_bu2_p01' 'b_bu2_n02' 'b_bu2_p03' 
 'b_bu2_n04' 'b_bu2_p05' 'b_bu2_n06' 'b_bu2_p07' 'b_bu2_n08' 'b_bu2_p09' 
 'b_bu2_n10' 'b_bu2_p11' 'b_bl1_p01' 'b_bl1_n02' 'b_bl1_p03' 'b_bl1_n04' 
 'b_bl1_p05' 'b_bl1_n06' 'b_bl1_p07' 'b_bl1_n08' 'b_bl1_p09' 'b_bl1_n10' 
 'b_bl1_p11' 'b_bl2_p01' 'b_bl2_n02' 'b_bl2_p03' 'b_bl2_n04' 'b_bl2_p05' 
 'b_bl2_n06' 'b_bl2_p07' 'b_bl2_n08' 'b_bl2_p09' 'b_bl2_n10' 'b_bl2_p11' 
 'b_o1_p01' 'b_o1_n02' 'b_o1_p03' 'b_o1_n04' 'b_o1_p05' 'b_o1_n06' 'b_o1_p07' 
 'b_o1_n08' 'b_o1_p09' 'b_o1_p10' 'b_o1_n11' 'b_o1_p12' 'b_o1_n13' 'b_o1_p14' 
 'b_o1_n15' 'b_o1_p16' 'b_o1_n17' 'b_o1_p18' 'b_o1_n19' 'b_o1_p20' 'b_o1_p21' 
 'b_o1_n22' 'b_o1_p23' 'b_o1_n24' 'b_o1_p25' 'b_o1_n26' 'b_o1_p27' 'b_o1_n28' 
 'b_o1_p29' 'b_o2_p01' 'b_o2_n02' 'b_o2_p03' 'b_o2_n04' 'b_o2_p05' 'b_o2_n06' 
 'b_o2_p07' 'b_o2_n08' 'b_o2_p09' 'b_o2_p10' 'b_o2_n11' 'b_o2_p12' 'b_o2_n13' 
 'b_o2_p14' 'b_o2_n15' 'b_o2_p16' 'b_o2_n17' 'b_o2_p18' 'b_o2_n19' 'b_o2_p20' 
 'b_o2_p21' 'b_o2_n22' 'b_o2_p23' 'b_o2_n24' 'b_o2_p25' 'b_o2_n26' 'b_o2_p27' 
 'b_o2_n28' 'b_o2_p29'
 SMP2 = 354*0.03
 vsid = 1
 RE = 0.17549942 2*0.17549944 2*0.17549945 2*0.17549947 3*0.17549948 
 2*0.1754995 3*0.17549951 4*0.17549953 4*0.17549954 0.17549962 9*0.17549956 
 3*0.17549957 11*0.17549956 4*0.17549954 4*0.17549953 3*0.17549951 
 2*0.1754995 3*0.17549948 2*0.17549947 2*0.17549945 2*0.17549944 2*0.17549942 
 0.17549941 2*0.1754994 0.17549938 0.17549944 0.17549936 2*0.17549935 
 0.17549933 0.17549935 0.17549953 0.17549942 2*0.17549944 2*0.17549945 
 2*0.17549947 2*0.17549948 2*0.1754995 0.17549956 3*0.17549951 3*0.17549953 
 6*0.17549954 9*0.17549956 3*0.17549957 10*0.17549956 4*0.17549954 0.1754996 
 0.17549953 0.17549959 0.17549953 3*0.17549951 3*0.1754995 2*0.17549948 
 2*0.17549947 2*0.17549945 2*0.17549944 2*0.17549942 2*0.17549941 2*0.1754994 
 0.17549938 2*0.17549936 0.17549935 2*0.17549933 0.20249936 2*0.20249937 
 2*0.20249939 0.2024994 2*0.20249942 2*0.20249943 2*0.20249945 3*0.20249946 
 2*0.20249948 3*0.2024995 3*0.20249951 4*0.20249952 4*0.20249954 8*0.20249955 
 13*0.20249957 7*0.20249955 4*0.20249954 4*0.20249952 3*0.20249951 
 3*0.2024995 2*0.20249948 3*0.20249946 2*0.20249945 0.20249943 0.20249969 
 0.20249936 0.20249937 2*0.20249939 2*0.2024994 2*0.20249942 2*0.20249943 
 2*0.20249945 2*0.20249946 3*0.20249948 2*0.2024995 4*0.20249951 3*0.20249952 
 5*0.20249954 6*0.20249955 15*0.20249957 7*0.20249955 4*0.20249954 
 4*0.20249952 3*0.20249951 3*0.2024995 2*0.20249948 2*0.20249946 2*0.20249945 
 0.20249943 0.18899947 0.18899952 0.18899953 0.18899947 0.18899949 0.18899955 
 0.18899949 2*0.1889995 0.18899952 2*0.18899958 0.18899953 2*0.1889996 
 0.18899955 2*0.18899961 2*0.18899962 0.18899956 0.18899962 0.18899964 
 2*0.18899958 0.18899964 0.18899958 0.18899964 0.18899958 2*0.18899965 
 2*0.1889996 2*0.18899965 0.1889996 6*0.18899965 0.18899958 0.18899964 
 0.18899958 3*0.18899964 0.18899958 3*0.18899956 2*0.18899962 2*0.18899961 
 0.18899955 0.1889996 0.18899953 0.1889996 0.18899958 0.18899952 0.18899958 
 2*0.18899956 2*0.18899949 0.18899955 2*0.18899953 2*0.18899952 0.1889995 
 2*0.18899949 0.18899947 2*0.1889994 2*0.18899944 0.18899943 0.18899946 
 0.18899952 2*0.18899947 2*0.18899949 2*0.18899956 2*0.18899958 0.18899952 
 0.18899953 2*0.1889996 3*0.18899961 0.18899955 3*0.18899956 0.18899962 
 0.18899956 3*0.18899964 3*0.18899958 3*0.18899965 0.1889996 0.18899965 
 0.1889996 2*0.18899965 0.1889996 3*0.18899965 3*0.18899958 3*0.18899964 
 0.18899958 0.18899964 4*0.18899956 0.18899955 0.18899961 0.18899955 
 0.18899961 0.18899953 2*0.1889996 0.18899952 0.18899958 2*0.18899956 
 0.18899949 0.18899955 0.18899947 2*0.18899953 2*0.18899952 0.1889995 
 0.18899943 2*0.18899949 0.18899947 0.1889994 0.18899946 0.18899938 
 0.18899944 0.18899985 2*0.21599936 2*0.21599938 4*0.2159994 2*0.21599941 
 4*0.21599942 3*0.21599944 5*0.21599945 9*0.21599947 10*0.21599948 
 8*0.21599947 5*0.21599945 4*0.21599944 3*0.21599942 3*0.21599941 3*0.2159994 
 2*0.21599938 0.21599936 0.21599942 0.21599935 2*0.21599934 2*0.21599932 
 0.2159993 2*0.21599936 0.21599932 0.21599934 2*0.21599936 2*0.21599938 
 3*0.2159994 2*0.21599941 4*0.21599942 4*0.21599944 5*0.21599945 9*0.21599947 
 11*0.21599948 8*0.21599947 2*0.21599945 0.21599951 2*0.21599945 3*0.21599944 
 4*0.21599942 3*0.21599941 2*0.2159994 2*0.21599938 3*0.21599936 2*0.21599935 
 2*0.21599934 2*0.21599932 2*0.21599936 0.21599935
 RVS(1) = 0.01
 ZE = 1.5132425 1.4752426 1.4372429 1.3992431 1.3612434 1.3232436 1.2852437 
 1.247244 1.2092443 1.1712445 1.1332448 1.0952449 1.0572451 1.0192454 
 0.98124564 0.9432458 0.9052461 0.8672463 0.8292465 0.7912468 0.75324696 
 0.7152472 0.67724746 0.6392477 0.6012479 0.5632481 0.52524835 0.48724854 
 0.44924876 0.411249 0.37324923 0.33524945 0.29724967 0.25924993 0.22125015 
 0.18325037 0.1452506 0.10725083 0.06925106 0.031251285 -0.0067484872 
 -0.044748258 -0.082748026 -0.1207478 -0.15874758 -0.19674735 -0.23474713 
 -0.2727469 -0.31074667 -0.34874645 -0.38674623 -0.42474598 -0.46274576 
 -0.50074553 -0.5387453 -0.57674503 -0.61474484 -0.6527446 -0.69074434 
 -0.72874415 -0.7667439 -0.8047437 -0.84274346 -0.8807432 -0.918743 
 -0.95674276 -0.9947425 -1.0327423 -1.0707421 -1.1087419 -1.1467416 
 -1.1847414 -1.2227411 -1.260741 -1.2987407 -1.3367404 -1.3747402 -1.41274 
 -1.4507399 -1.4887396 -1.5267394 1.5322423 1.4942425 1.4562428 1.418243 
 1.3802432 1.3422434 1.3042437 1.2662439 1.2282442 1.1902443 1.1522446 
 1.1142448 1.0762451 1.0382453 1.0002455 0.9622457 0.92424595 0.8862462 
 0.8482464 0.81024665 0.7722469 0.7342471 0.69624734 0.65824753 0.6202478 
 0.58224803 0.5442482 0.5062485 0.46824867 0.4302489 0.3922491 0.35424936 
 0.31624958 0.2782498 0.24025002 0.20225026 0.16425048 0.12625071 0.08825095 
 0.05025117 0.012251399 -0.025748374 -0.06374814 -0.101747915 -0.1397477 
 -0.17774747 -0.21574724 -0.25374702 -0.2917468 -0.32974654 -0.36774632 
 -0.40574604 -0.44374588 -0.48174557 -0.5197454 -0.55774516 -0.5957449 
 -0.6337447 -0.67174447 -0.7097443 -0.747744 -0.7857438 -0.8237436 
 -0.86174333 -0.8997431 -0.9377429 -0.97574264 -1.0137424 -1.0517422 
 -1.089742 -1.1277417 -1.1657416 -1.2037413 -1.2417411 -1.2797408 -1.3177406 
 -1.3557404 -1.3937402 -1.4317399 -1.4697397 -1.5077394 -1.5172818 -1.4792815 
 -1.4412813 -1.4032812 -1.365281 -1.3272808 -1.2892805 -1.2512804 -1.2132802 
 -1.17528 -1.1372797 -1.0992796 -1.0612794 -1.0232792 -0.985279 -0.9472788 
 -0.90927863 -0.8712784 -0.83327824 -0.795278 -0.75727785 -0.7192776 
 -0.68127745 -0.6432772 -0.60527706 -0.56727684 -0.52927667 -0.49127647 
 -0.45327628 -0.41527608 -0.37727588 -0.3392757 -0.3012755 -0.2632753 
 -0.2252751 -0.1872749 -0.1492747 -0.1112745 -0.07327431 -0.03527412 
 0.0027260792 0.040726278 0.07872648 0.116726674 0.15472686 0.19272706 
 0.23072726 0.26872745 0.30672765 0.34472784 0.38272804 0.42072824 0.45872843 
 0.49672863 0.5347289 0.57272905 0.6107293 0.64872944 0.68672967 0.72472984 
 0.76273006 0.8007302 0.83873045 0.8767306 0.91473085 0.952731 0.99073124 
 1.0287315 1.0667316 1.1047318 1.142732 1.1807323 1.2187324 1.2567326 
 1.2947328 1.332733 1.3707331 1.4087334 1.4467336 1.4847338 1.5227339 
 -1.5362817 -1.4982816 -1.4602815 -1.4222813 -1.384281 -1.3462809 -1.3082807 
 -1.2702805 -1.2322803 -1.1942801 -1.1562799 -1.1182797 -1.0802795 -1.0422794 
 -1.0042791 -0.9662789 -0.9282787 -0.8902785 -0.8522783 -0.8142781 -0.7762779 
 -0.73827773 -0.7002775 -0.66227734 -0.6242771 -0.58627695 -0.5482767 
 -0.51027656 -0.4722764 -0.4342762 -0.396276 -0.3582758 -0.3202756 -0.2822754 
 -0.2442752 -0.206275 -0.1682748 -0.13027461 -0.092274405 -0.054274216 
 -0.016274018 0.021726178 0.059726376 0.097726576 0.13572676 0.17372696 
 0.21172716 0.24972737 0.28772756 0.32572776 0.36372796 0.40172815 0.43972835 
 0.47772855 0.5157288 0.55372894 0.59172916 0.62972933 0.66772956 0.7057297 
 0.74372995 0.7817301 0.81973034 0.8577305 0.89573073 0.9337309 0.9717311 
 1.0097313 1.0477315 1.0857317 1.1237319 1.1617321 1.1997323 1.2377325 
 1.2757326 1.3137329 1.3517331 1.3897333 1.4277335 1.4657336 1.5037339 
 1.5227344 1.4847343 1.4467341 1.4087338 1.3707336 1.3327334 1.2947332 
 1.256733 1.2187327 1.1807326 1.1427324 1.1047322 1.0667319 1.0287317 
 0.9907315 0.9527313 0.9147311 0.87673086 0.83873063 0.80073047 0.76273024 
 0.72473 0.6867298 0.6487296 0.6107294 0.5727292 0.53472894 0.49672872 
 0.45872852 0.4207283 0.3827281 0.34472787 0.30672768 0.26872745 0.23072726 
 0.19272704 0.15472683 0.11672662 0.07872641 0.040726196 0.0027259851 
 -0.035274226 -0.07327443 -0.111274645 -0.14927486 -0.18727508 -0.22527528 
 -0.2632755 -0.3012757 -0.33927593 -0.37727612 -0.41527635 -0.45327654 
 -0.49127677 -0.52927697 -0.56727713 -0.60527736 -0.6432776 -0.6812778 
 -0.719278 -0.7572782 -0.79527843 -0.83327866 -0.8712788 -0.90927905 
 -0.9472793 -0.9852795 -1.0232797 -1.0612799 -1.0992801 -1.1372803 -1.1752805 
 -1.2132807 -1.2512809 -1.2892811 -1.3272814 -1.3652816 -1.4032818 -1.4412819 
 -1.4792821 -1.5172825 1.5037344 1.4657341 1.4277339 1.3897337 1.3517336 
 1.3137333 1.2757331 1.2377329 1.1997327 1.1617324 1.1237322 1.085732 
 1.0477318 1.0097317 0.9717314 0.9337312 0.895731 0.85773075 0.8197306 
 0.78173035 0.7437301 0.7057299 0.66772974 0.6297295 0.5917293 0.55372906 
 0.51572883 0.47772864 0.4397284 0.4017282 0.363728 0.3257278 0.28772756 
 0.24972737 0.21172714 0.17372693 0.13572672 0.09772652 0.0597263 0.02172609 
 -0.01627412 -0.05427433 -0.09227454 -0.13027476 -0.16827497 -0.20627518 
 -0.24427539 -0.2822756 -0.3202758 -0.35827604 -0.39627624 -0.43427646 
 -0.47227666 -0.51027685 -0.548277 -0.58627725 -0.6242775 -0.6622777 
 -0.70027786 -0.7382781 -0.7762783 -0.81427854 -0.8522787 -0.89027894 
 -0.92827916 -0.9662794 -1.0042796 -1.0422798 -1.08028 -1.1182802 -1.1562804 
 -1.1942806 -1.2322809 -1.2702811 -1.3082812 -1.3462814 -1.3842816 -1.4222819 
 -1.4602821 -1.4982823 -1.5362824 1.5132664 1.4752667 1.4372668 1.3992671 
 1.3612672 1.3232673 1.2852676 1.2472677 1.209268 1.1712681 1.1332684 
 1.0952685 1.0572687 1.0192689 0.98126906 0.94326925 0.90526944 0.86726964 
 0.82926977 0.79126996 0.75327015 0.71527034 0.67727053 0.6392707 0.6012709 
 0.5632711 0.5252713 0.48727143 0.44927162 0.41127178 0.37327197 0.33527216 
 0.29727235 0.25927252 0.2212727 0.1832729 0.14527307 0.10727327 0.06927346 
 0.031273637 -0.0067261783 -0.044725996 -0.08272581 -0.120725624 -0.15872544 
 -0.19672526 -0.23472507 -0.2727249 -0.3107247 -0.3487245 -0.38672435 
 -0.42472416 -0.46272397 -0.5007238 -0.5387236 -0.5767234 -0.6147232 
 -0.652723 -0.6907228 -0.72872263 -0.76672244 -0.8047223 -0.8427221 
 -0.8807219 -0.91872174 -0.95672154 -0.99472135 -1.0327212 -1.070721 
 -1.1087208 -1.1467205 -1.1847204 -1.2607201 -1.2987199 -1.3367198 -1.3747195 
 -1.4127194 -1.4507191 -1.488719 -1.5267187 1.5322664 1.4942666 1.4562668 
 1.4182669 1.3802671 1.3422673 1.3042675 1.2662677 1.2282679 1.190268 
 1.1522682 1.1142684 1.0762686 1.0382688 1.0002689 0.9622691 0.9242693 
 0.8862695 0.8482697 0.8102699 0.7722701 0.7342703 0.69627047 0.6582706 
 0.6202708 0.582271 0.5442712 0.50627136 0.46827152 0.4302717 0.39227188 
 0.35427207 0.31627226 0.27827245 -1.2227327 0.24027263 0.2022728 0.164273 
 0.12627317 0.08827336 0.050273545 0.012273729 -0.025726087 -0.0637259 
 -0.10172571 -0.13972554 -0.17772536 -0.21572517 -0.253725 -0.2917248 
 -0.3297246 -0.36772442 -0.40572426 -0.443724 -0.48172387 -0.51972365 
 -0.55772346 -0.5957233 -0.63372314 -0.67172295 -0.70972276 -0.74772257 
 -0.7857224 -0.8237222 -0.861722 -0.8997218 -0.93772167 -0.9757215 -1.0137212 
 -1.0517211 -1.0897208 -1.1277207 -1.1657206 -1.2037203 -1.2417202 -1.27972 
 -1.3177198 -1.3557196 -1.3937194 -1.4317192 -1.469719 -1.5077188
 WE = 2*0.012007279 2*0.012007278 4*0.012007277 2*0.012007276 3*0.012007275 
 3*0.012007274 3*0.012007273 4*0.012007272 0.012007151 16*0.012007271 
 0.01200727 2*0.012007271 6*0.012007272 3*0.012007273 3*0.012007274 
 2*0.012007275 2*0.012007276 5*0.012007277 2*0.012007278 0.012007279 
 2*0.01200728 2*0.012007281 0.012007282 2*0.012007283 0.012007284 0.012007158 
 2*0.012007286 0.012007287 0.012007288 0.01200729 0.012007288 0.012007279 
 2*0.012007278 4*0.012007277 3*0.012007276 0.012007275 0.012007155 
 3*0.012007274 4*0.012007273 4*0.012007272 20*0.012007271 5*0.012007272 
 2*0.012007273 0.012007149 0.012007274 0.01200715 0.012007274 3*0.012007275 
 2*0.012007276 4*0.012007277 2*0.012007278 2*0.012007279 2*0.01200728 
 0.012007281 2*0.012007282 0.012007283 2*0.012007284 0.012007285 0.012007286 
 0.012007287 2*0.012007288 3*0.012007161 2*0.01200716 2*0.012007159 
 2*0.012007158 2*0.012007157 4*0.012007156 6*0.012007155 4*0.012007154 
 7*0.012007153 8*0.012007152 0.012007151 9*0.012007152 0.012007153 
 0.012007152 5*0.012007153 4*0.012007154 7*0.012007155 3*0.012007156 
 2*0.012007157 3*0.012007158 0.012007159 2*0.01200716 0.012007161 0.012007158 
 0.012007316 2*0.012007161 2*0.01200716 2*0.012007159 3*0.012007158 
 2*0.012007157 3*0.012007156 6*0.012007155 5*0.012007154 6*0.012007153 
 19*0.012007152 6*0.012007153 4*0.012007154 7*0.012007155 3*0.012007156 
 2*0.012007157 3*0.012007158 2*0.012007159 2*0.01200716 0.012007161 
 0.012007279 2*0.012007281 2*0.012007159 0.012007279 0.012007158 
 2*0.012007157 0.012007156 0.012007278 0.012007277 0.012007155 2*0.012007277 
 0.012007155 0.012007277 3*0.012007276 0.012007153 2*0.012007275 
 2*0.012007152 0.012007275 0.012007152 0.012007275 0.012007151 2*0.012007275 
 2*0.012007151 2*0.012007275 0.012007151 0.012007275 0.012007274 
 4*0.012007275 0.012007151 0.012007275 0.012007151 0.012007275 2*0.012007276 
 2*0.012007151 2*0.012007152 4*0.012007277 0.012007153 0.012007278 
 0.012007153 0.012007278 0.012007279 0.012007154 3*0.01200728 2*0.012007155 
 2*0.012007286 0.012007287 0.012007284 0.012007288 2*0.012007285 0.012007289 
 0.012007287 2*0.01200716 0.012007288 0.012007289 0.012007292 0.01200716 
 0.012007281 0.01200716 0.012007159 2*0.012007158 0.012007279 3*0.012007278 
 0.012007156 0.012007155 5*0.012007277 2*0.012007154 2*0.012007153 
 0.012007275 0.012007153 3*0.012007275 2*0.012007152 0.012007151 
 3*0.012007275 0.012007151 0.012007274 0.012007151 0.012007274 0.012007275 
 0.012007151 3*0.012007275 3*0.012007151 0.012007275 2*0.012007276 
 0.012007151 0.012007276 5*0.012007152 0.012007277 0.012007153 0.012007277 
 0.012007153 0.012007278 0.012007279 0.012007154 3*0.01200728 0.012007155 
 0.012007281 0.012007155 0.012007286 2*0.012007287 2*0.012007288 0.012007158 
 2*0.012007286 0.012007287 0.01200716 0.012007288 0.012007161 0.01200729 
 0.012007317 3*0.012007282 3*0.012007281 4*0.01200728 3*0.012007279 
 5*0.012007278 30*0.012007277 5*0.012007278 4*0.012007279 4*0.01200728 
 3*0.012007281 2*0.012007282 3*0.012007283 0.012007284 0.012007417 
 0.012007284 0.012007285 2*0.012007286 2*0.012007287 2*0.01200742 0.01200729 
 0.012007281 3*0.012007282 3*0.012007281 4*0.01200728 3*0.012007279 
 4*0.012007278 32*0.012007277 3*0.012007278 0.012007153 0.012007278 
 4*0.012007279 3*0.01200728 3*0.012007281 3*0.012007282 3*0.012007283 
 2*0.012007284 2*0.012007285 2*0.012007286 2*0.012007287 2*0.01200742 
 0.012007421
 HE = 23*0.01801842 0.018018292 51*0.01801842 0.018018294 17*0.01801842 
 0.018018292 38*0.01801842 0.018018294 0.01801842 0.018018294 27*0.01801842 
 0.018015672 0.018015664 0.018015655 0.018015645 0.018015638 76*0.018015636 
 0.018015767 0.018015668 0.018015658 0.018015651 0.018015642 76*0.018015636 
 67*0.018016916 0.018016929 0.018016938 0.018016947 0.018016957 0.018016968 
 0.018016977 0.018016987 0.018016998 0.018017007 2*0.018016916 0.018017037 
 0.018017046 0.018016927 67*0.018016916 0.018016933 0.018016944 0.018016953 
 0.018016962 0.018016972 0.018016916 0.018016992 0.018017001 0.01801701 
 0.018016916 0.018017031 0.018016916 0.01801705 0.018017061 70*0.018014548 
 0.018014679 6*0.018014548 0.018014729 0.018014736 54*0.018014548 0.01801442 
 25*0.018014548 0.018014725 0.018014733 0.01801474
 ECTURN = 648*0.5
 ECID = 648*1
 /
 &IN5
 IGRID = 1
 RLEFT = 0.06
 RRIGHT = 2.0
 ZBOTTO = -2.2
 ZTOP = 2.2
 ISLPFC = 0
 IFCOIL = 1
 IECOIL = 1
 IACOIL = 0
 IVESEL = 0
 NSMP2 = 25
 mgaus1 = 8
 mgaus2 = 12
 /
